4645
L 919 -219 -279 839
S -929 375 -860 -585
S 563 619 840 937
R 931 -588 -84 -296
S 775 -320 -194 -723
C -278 425 545
S 436 -470 226 -210
R -727 -62 -384 840
R 632 -344 717 462
R -620 -647 278 807
C 136 503 686
L 361 888 -799 -826
L 934 515 -155 978
L 114 -618 -460 440
L -424 -453 876 978
C -682 -422 592
S -821 -878 276 -219
S -321 562 -466 860
L 790 -94 -633 -266
C -714 -742 991
L -376 -554 269 -298
L 257 -594 -665 -111
S 636 -255 557 -205
C 41 -672 40
L 449 146 -713 -552
L -528 -218 960 345
L -338 377 -464 -741
L 480 -41 -364 736
L 120 371 475 -614
L 399 -159 -869 -949
C -241 942 603
L -333 701 510 -14
L -76 -619 411 53
L 842 -798 -635 -495
C 688 184 928
C 595 -457 103
C -115 525 819
C 758 26 651
R -81 584 -431 894
S 375 -466 94 263
R 231 -580 -299 102
L 397 -446 -869 -633
L -211 -703 -814 112
S -98 -312 971 530
L 337 -228 782 -763
R 880 866 220 843
S 986 528 584 231
L -74 -469 711 -392
R -88 915 94 968
L -519 143 204 -989
C 455 117 640
S -662 -512 568 -322
S 443 341 237 -300
R -848 -761 438 -997
R 229 -465 714 556
R 703 810 -38 717
L 879 -781 -693 889
R -929 -269 973 -571
S 794 693 -516 174
L 783 -706 -704 962
L 270 489 -268 602
R -372 -843 331 380
R -666 -279 295 -335
L 289 -262 -573 -541
R -38 -44 -436 468
L -802 -362 636 247
L -599 -903 373 -91
R -784 -147 835 714
L 101 -729 71 -519
L 710 -492 -829 360
L -143 -504 869 105
L -255 -997 -684 226
L -765 698 301 -595
C -628 -902 324
R 533 770 340 -294
L 306 -486 -296 -465
R -432 235 943 171
C -832 912 864
L 457 650 360 209
R -132 375 919 -137
L 195 237 -297 -345
R 480 -674 -789 669
S 603 950 -391 -161
R -100 114 -686 152
C -441 138 84
S -290 185 924 -17
L 890 -58 152 303
R -394 908 601 253
S 832 -235 -964 -501
S 450 231 253 -598
R 309 80 -178 -629
R 657 115 532 153
R 612 -375 119 451
R 203 -483 486 -82
C -158 -272 61
S -223 150 -922 -101
C -353 -640 360
L -537 -615 479 -291
R -452 -538 849 187
R 741 17 -368 -819
S 638 373 802 648
L -555 -118 -32 43
S 312 -591 -580 947
L -180 -832 448 -479
L -354 -426 341 692
S 280 -512 665 630
L 534 -471 -476 -302
L -280 -149 46 -354
L 920 -989 51 803
R -520 251 763 334
C -711 -51 377
S 18 -637 -155 347
L 262 923 559 315
S -255 -288 651 408
R 809 -642 707 224
L -700 -302 983 -953
C -37 48 486
C 352 -7 262
L -89 -204 -394 366
S -456 -723 -23 419
L -119 286 102 -779
L 294 819 594 504
R 377 449 374 368
S -142 585 -891 -158
C 722 559 409
C -674 -696 863
S -386 -963 59 -139
S -912 -492 782 -875
L -68 75 -181 -777
R 551 -190 -444 253
C -672 -124 339
L 706 352 281 380
S 879 561 338 -57
R -12 -766 -398 815
R -6 896 912 616
R 696 -520 170 688
C 66 -357 990
C 963 55 136
C -913 145 702
L 656 -886 503 -907
L 119 249 809 8
S -710 861 -26 381
S 289 -313 -645 25
C -241 -238 398
C 579 5 257
S 671 -879 559 613
C 505 -846 776
S 267 -438 -767 -229
C -804 -345 114
R -793 -677 -917 552
L 959 199 644 829
L 788 -403 39 765
R 358 -357 -888 446
C -707 -575 660
S 705 -467 -716 -213
S -210 807 225 410
S 401 278 -320 -787
C -991 -34 804
S -584 -397 -160 -168
R 193 -352 273 -117
C -43 386 322
C 205 -194 470
S -459 -178 -344 371
R 960 24 530 376
C -8 -1 718
R -182 -748 -206 251
L -374 327 -263 -15
L -120 893 525 837
L 522 -784 171 564
L 334 -309 -585 -625
L 316 112 -531 -797
L 881 970 61 -329
C 541 -321 31
S -58 -846 -642 773
R -568 814 -172 -814
R 69 -922 37 -515
C -675 -526 23
R -64 960 131 748
S -478 -736 935 -839
R 225 398 319 692
C -153 -648 249
R 576 748 -439 611
C 415 463 382
L 410 -613 -292 753
L -500 -420 438 362
S -569 732 351 -340
R -631 -812 519 941
S 485 -520 -816 -659
S -332 714 -729 556
S -499 888 -908 -993
R -909 -382 -933 -650
R -748 328 815 -620
R 585 -609 -289 -243
R -178 290 -328 657
C -845 -958 570
R -151 -199 -902 -885
C 547 374 623
L 89 215 -521 -200
R 428 -745 -507 -231
C -381 574 385
S 464 798 665 785
C 419 -476 754
C -587 -784 705
S -522 -261 676 -780
L -186 -58 -804 -327
R -305 -271 872 -197
S -861 -546 506 949
R -414 -112 793 711
C -85 -279 470
C -312 144 601
R -148 -129 727 -308
S 134 885 208 18
S -894 229 422 -436
S -590 -419 479 377
S -360 -528 -729 217
C 662 -555 341
S 522 872 864 -839
L -137 887 -501 479
R -743 -483 -827 977
R -464 720 246 -910
R -690 -815 207 -384
C 393 -245 826
C -542 844 238
R 693 474 -945 728
C 96 -292 259
C -645 -166 480
L -798 577 192 -190
S -326 -973 616 772
C -730 -288 488
C -550 252 167
C -546 201 886
R 116 749 -770 -831
C -23 -548 555
S 414 -621 -403 -16
R 887 739 681 509
L -177 758 -122 824
R 510 -138 -776 -431
R -721 173 686 704
S -821 -443 -877 -975
L -307 333 -678 -568
S -429 -606 -181 759
R -585 -8 760 -799
C -974 872 364
C -913 13 812
S 32 -285 -17 966
R 981 -656 193 273
C -526 -166 621
C -224 -697 175
C -880 -700 575
L -399 466 -944 -136
L 805 -699 -640 -344
C -539 -62 351
S -631 344 -737 302
C -859 -858 983
C 807 -342 552
C -830 884 268
C -2 99 352
C -722 -794 970
C 462 298 837
L -217 -886 658 -994
R -196 -603 653 288
L -596 -909 -631 502
C -798 596 58
R 972 -697 70 679
L -538 -299 -601 89
R -818 489 52 -655
C -589 -244 274
R -850 -821 352 941
L -91 642 -246 -793
R -263 142 -553 -44
R 930 -880 744 226
C -214 -992 323
R -645 151 -942 -779
L 175 -799 -765 -880
S -123 882 729 642
L 642 -557 -566 -780
L -854 -865 233 -26
S -690 -561 51 -892
R -896 502 -7 -488
S 278 -809 -880 356
S -858 651 951 287
R -305 281 -407 529
R -944 102 1 -920
L -85 27 -59 517
S 750 48 -683 -600
R -786 -118 -255 305
L 58 -842 550 34
R 696 92 183 -664
S -238 -357 -929 -806
S -743 449 -566 526
S -287 53 886 -326
C -1 -564 970
L 266 -281 595 -446
R 137 816 -453 -23
C 913 -423 430
R 504 968 -267 260
R -172 761 -82 -793
C 7 -93 651
C 56 -47 330
R 620 800 983 331
S -947 345 -993 703
S 650 -795 650 -658
C 614 -626 88
C 789 -484 376
C -259 -247 642
C 505 499 306
R 244 -44 60 773
S 361 364 -520 -355
R -78 -846 -715 867
R -512 205 30 333
S -983 -217 -3 -291
L -439 -24 949 -320
R 69 760 171 225
L -774 -485 753 -56
C -325 158 427
S 867 -68 -436 -378
L -65 814 465 402
L -625 191 -818 956
R -766 824 10 35
C -87 -89 309
L 962 -545 -408 -901
S 876 836 856 968
L 329 925 520 820
C -344 872 161
C -783 317 175
L 669 221 252 622
R -841 818 138 -697
L 873 125 -625 145
S 167 -582 -852 -533
S 351 307 -470 821
C -672 231 971
L -227 194 477 -981
R 366 90 164 -476
R -339 -920 858 -718
L 596 775 669 -163
C 798 695 366
L -874 670 -526 -19
S -123 192 -818 -59
R 841 296 128 645
L 645 -993 809 571
C -500 -924 276
S 983 561 900 -521
L 949 15 316 -872
R 660 -229 595 974
L 98 -589 -745 -386
R 672 -81 -632 59
L -102 -889 -921 445
L 6 -793 -206 163
R -880 925 -401 -934
R -607 907 544 222
R -82 720 -624 -863
R 684 886 173 -96
R -141 37 96 452
C -827 -120 696
R -47 -762 187 913
L -822 416 705 698
S 864 800 151 -802
R 999 -536 -721 755
C -744 211 109
S -369 761 539 -689
L -337 899 -947 646
C 397 859 249
C -64 485 134
R 467 982 347 314
S 506 -48 -579 406
R -334 -787 -426 436
R 692 -610 -648 875
C -106 559 692
C -502 680 530
R 299 -166 -915 358
S 669 861 611 -843
L 825 -791 -232 -334
C 212 -321 2
C -250 361 793
C 160 218 45
S -738 190 -552 -947
R 856 556 -105 -90
C -631 739 308
R -978 716 -395 -170
L 841 690 -966 -140
L -790 703 -709 317
S -343 526 -927 -749
S -589 -541 883 84
L -374 253 -782 11
L -982 -886 498 96
S 72 -33 -637 -817
R 448 509 341 -247
R 235 -225 201 528
R -77 954 -407 951
S 771 -697 576 18
S 149 34 441 -362
C -545 -833 471
C -128 -497 941
S 808 -125 874 944
R 49 -724 -502 -541
C -283 545 7
R -340 852 953 448
L -493 968 112 -29
C 589 -594 230
L 888 -958 -962 60
L 888 -109 788 -551
C -133 735 373
S -984 78 962 -530
R 15 -504 -597 -747
S -541 773 517 29
L 25 760 -803 375
S -654 196 -771 213
C 67 139 508
S -290 647 594 162
L 706 805 -579 -179
S 705 -702 -824 26
R 407 -842 -224 405
S 972 -936 543 -916
R -93 457 -819 941
L -77 -85 299 193
S -743 949 452 -257
S 774 -845 149 142
S 858 159 -390 -987
C 427 -249 241
C -935 -438 336
L 862 692 -561 -31
R 162 -944 -136 728
R -860 -112 -624 942
L 598 -874 -372 783
S -479 -828 -414 -704
L -334 -16 -8 -108
C -354 -573 128
R 706 -373 844 267
R 78 -147 850 447
L -781 156 -221 741
C -966 -987 399
R 459 -490 861 -296
C 998 155 723
L 664 752 -753 -312
L -420 471 -346 425
L -713 587 830 -215
S -70 -887 187 228
L 202 332 -156 -172
L -604 -67 715 -745
C 47 249 356
S -244 -982 839 731
C -359 -586 792
S 741 -536 184 -352
C 206 200 767
L -151 741 -442 -417
C -585 -629 355
C -369 -733 349
C -402 -606 479
L -103 523 219 -110
C -85 -844 555
R -586 978 -840 546
C 202 -676 64
L 876 -586 -757 669
L 866 -565 -6 596
S 803 594 -362 -382
S 436 -598 642 2
R 864 247 -135 884
R 673 580 215 -423
L -939 923 148 -88
C -877 977 327
C 99 681 960
C -917 -503 988
R 305 681 -783 -201
C -102 -602 52
S 252 915 243 -943
S -327 -134 400 955
C -486 -562 715
L 946 -27 356 -935
C -155 -611 758
L 67 -216 -434 -234
S 845 -89 -318 927
S 124 -655 951 172
S 202 943 227 -191
S 972 161 458 82
C -492 946 224
C 964 -962 820
L -421 -979 -545 -75
S 159 585 282 555
R 902 579 -574 -116
R 150 -19 20 468
R 356 114 704 -150
C 434 533 397
L -996 -469 949 315
S -312 -92 218 329
S 876 746 379 -798
L 210 107 -437 964
C -525 -874 136
S -307 -359 -1 -381
L 702 -969 68 -27
L -696 649 961 -534
S 262 -523 -824 873
L 674 -360 296 -978
R 198 448 141 373
C 42 771 673
S 259 -628 -420 108
C -854 508 914
L 298 -712 -886 10
S -750 261 164 -667
L 912 -179 -640 -292
C -465 850 593
L 999 143 -687 864
S 775 728 632 161
C -60 -656 422
S 685 -822 619 -264
L 170 408 635 322
C 586 15 561
C 970 -735 311
L -810 -229 -687 750
L -871 138 2 222
L -328 144 -58 236
R 475 160 862 520
L -530 -741 501 -193
C 403 693 287
L -968 -669 360 784
R 190 411 580 832
L 954 -806 -572 -396
C -791 -325 259
S -380 -294 408 -379
C -367 703 144
R -473 870 -325 634
S -63 -911 953 -208
L -627 -575 886 483
S -191 -235 -491 -513
R 252 335 622 57
L -207 908 -337 521
L 514 -318 801 611
S -351 -52 -360 -562
R 87 74 677 -453
S 578 287 669 729
C -677 -400 715
L -203 -931 -757 -670
L -789 477 -531 622
R -468 169 808 -458
C 504 254 986
C 85 -568 843
S -685 -835 -343 906
L 427 -780 -132 -238
L 168 -795 -275 309
S -459 363 -2 -774
C -839 -228 108
R -70 144 581 -369
L -422 13 324 -119
L 319 -134 318 -978
L 861 43 490 807
C -737 -626 489
C 452 785 411
R 986 624 406 -972
S 476 879 289 756
C 502 -712 680
S -868 -978 918 441
C 932 -706 254
R -396 888 786 -110
R -446 -163 657 836
L 772 170 469 -347
R 673 -156 -914 937
L -81 -902 -240 16
R 753 -241 -261 540
L 535 491 137 672
L 244 709 879 644
R 165 261 340 434
L 60 261 953 -404
C -71 -6 873
C -85 674 470
R 661 242 104 710
C 79 -230 542
R 326 225 885 -419
C 709 -233 801
R -75 -175 453 -689
S -465 -786 879 905
C 854 791 781
C -392 -805 464
L 877 -436 -886 486
L -1 834 -774 -254
R 435 841 782 -602
R -860 -976 296 620
S 832 -663 531 -326
R 558 -230 512 559
L 23 984 709 -374
S -449 549 -65 700
R 721 931 833 -641
C 425 844 272
R -186 989 -945 344
C 611 -350 222
L 858 636 -403 -514
C 131 440 79
R 431 -230 83 -491
R -363 713 227 -790
S 737 -440 -984 183
S 242 -174 504 714
R -205 824 -5 -118
R 832 -769 313 778
S -290 -304 -24 828
C -132 705 757
C -353 466 140
R 763 -804 923 871
S -987 -586 -754 328
R 718 -46 142 97
L 18 621 624 -148
S 585 647 671 -890
L 48 -632 484 -960
S -512 959 -271 -64
L -376 -591 302 -131
R 726 -522 -721 -960
R -616 32 160 -62
C 95 -442 117
C 947 -560 825
L -358 563 -257 -569
R 258 -478 -935 946
L 206 -312 771 -845
R 22 -860 -838 70
C -846 849 992
C 232 -797 241
L -841 26 224 -571
L -587 873 -335 887
S 710 -280 261 -901
R 848 556 -846 -820
R 296 -716 89 -357
L 245 159 151 748
C 187 -357 778
S -539 534 -435 -258
R -225 83 -542 -621
C 568 -429 306
S -275 -654 809 -733
C -24 969 126
R 573 649 386 388
C -735 308 399
R 482 443 408 -529
L -847 745 -44 555
L -925 -168 311 -422
R -70 142 -1 333
C 925 -227 680
L 180 692 665 675
L 292 434 -152 -540
C -477 643 583
C -398 231 135
L 769 -365 -300 -757
S 46 533 -65 -926
R -459 152 -654 684
S 658 921 -818 -415
L -269 -581 -428 -198
L 616 320 -586 619
L -37 165 -44 286
S -852 -757 785 -942
S -203 200 -156 -101
C -406 -779 987
R -381 274 232 64
S -284 -520 574 913
R -948 47 -597 96
R -788 -14 60 -248
C 771 -118 452
L -732 390 -593 -152
C 64 926 750
L -727 -576 -518 -863
L 910 -563 -485 -806
C 520 831 155
S 895 587 -95 -225
C -790 433 917
R 511 636 201 73
S 612 -114 472 -934
L 234 828 -6 40
C -190 -976 871
L -456 -119 -663 -220
L -905 456 611 -877
L -389 -11 -318 211
L 309 237 -135 -319
S -256 -736 933 99
C 43 692 115
R -234 -968 161 927
C -896 -642 672
L 81 -486 -637 601
R 602 518 775 -734
R 640 -953 757 459
R -444 222 -36 253
C -987 -556 701
S 337 -114 -983 -980
R -474 802 -563 511
C 475 970 122
R -780 523 -986 898
C 38 -550 902
S -183 926 -208 200
R 109 292 -271 941
L -890 371 193 228
C -73 -261 761
C -966 -244 820
R -415 639 -126 -848
R -286 64 466 -541
C 181 340 463
R 713 -182 -657 521
L -97 -800 311 -98
L 613 -426 -659 -388
S 835 793 733 585
L -613 -205 474 -946
S 659 661 -681 -804
C -476 -527 583
C -140 378 325
R 800 296 -187 -931
S 663 -790 876 -602
R 194 208 862 93
C 683 -186 276
L -171 242 297 -433
C 984 -887 788
L -373 428 582 282
S 380 843 622 496
S 291 946 494 -30
R -273 -331 539 429
S 208 -372 127 -695
R -263 -108 -171 -718
R -733 252 773 -434
S -463 336 -95 -293
R -547 344 -865 452
R 408 -545 -948 -896
R -982 448 439 -392
S -162 -445 -200 595
S -9 -724 -871 128
C 639 776 646
L 594 120 -60 213
R 663 327 -987 178
S 261 170 212 771
R 91 341 -550 337
L -247 -753 -230 845
R -444 -790 467 -951
S 67 -425 251 -238
R 449 206 -867 101
L -395 500 -782 937
C -422 -80 51
S 605 -532 -169 -820
L 802 867 -623 -845
R -651 -777 -121 3
C 912 -440 776
L -938 -940 296 -718
L 768 4 -906 34
S -96 902 626 -439
L -978 -69 787 482
S 424 147 -928 950
C -554 -350 570
R -259 -758 562 -138
S 739 -405 814 871
L 256 460 10 -872
L -115 -840 -190 876
R -766 -44 -951 -917
R -897 1 818 -347
C 808 324 478
L -182 -809 659 -953
R 261 -229 66 -491
S 789 -718 423 598
C 865 564 750
L -575 697 -627 -529
S -792 683 121 662
S 349 500 972 -394
L 754 566 482 844
C 859 529 980
C -938 279 903
R -748 -116 -579 291
L 104 -897 -784 -55
L -774 -598 873 -366
C -164 621 667
L -231 154 -171 -69
C -947 -465 322
R 436 992 513 105
R -711 600 273 902
C 505 -786 976
R 1 -42 459 134
R 922 -486 -915 -687
L 887 -207 -516 107
L -272 215 328 222
R -964 -805 752 580
S 926 313 375 707
L -690 -833 666 -289
R 702 -903 593 413
C 783 536 427
S -416 171 650 437
S 114 -238 -276 -237
L -355 385 774 -380
R -196 -310 -490 -214
S -954 141 0 30
S 727 -850 353 695
C -179 99 171
C -474 -466 270
C -791 -618 985
S -489 -918 846 -526
C -418 -529 37
R 279 -441 -191 -87
C -408 966 243
S -539 -149 934 -672
C -725 -612 904
L 286 -351 -905 733
R 872 745 682 -8
L 679 456 -55 734
L 130 398 -901 175
R -403 946 -354 788
L 571 843 24 572
R -266 633 -878 435
C 249 392 78
L 956 -395 -759 -472
L 779 290 -746 -976
S -270 419 3 -333
C -248 184 130
L 893 -402 879 695
L 447 -117 -258 -689
L -717 -208 -733 711
S -727 -279 413 -374
S 614 -793 248 -604
L 590 -958 -732 -587
L 421 -285 -194 66
R 683 -155 -874 825
C 620 -392 398
L 646 909 -152 788
C -270 460 463
L -820 -283 514 -366
C 929 -744 48
C 182 -869 527
C -347 225 181
S 559 -75 -408 -493
C 468 -420 802
R -437 791 -684 46
R -457 14 785 -162
C 872 -981 622
L 663 -989 994 -478
C 461 936 130
S 194 491 500 -924
C -398 -299 724
R -682 325 185 243
C 385 575 462
L -392 -653 45 -903
R 376 -565 -574 -544
L -552 -678 735 -823
S -115 -471 99 -101
S 220 -321 -48 575
C -471 -396 23
R 302 502 -401 -344
L -739 334 709 -515
C 969 -712 31
R 314 -411 -916 175
R 388 -411 -141 192
L -378 440 140 702
S -904 387 -874 -65
L 242 726 -330 -234
R 78 -562 -5 -545
L -798 432 -862 838
C 511 371 971
S 193 -622 489 563
L 712 210 702 383
L 314 -844 -482 -898
C 583 242 560
C -916 834 59
L 743 122 206 -640
R 396 -547 -484 244
S -644 309 -251 504
C 775 -223 414
L -754 367 942 962
C -424 -207 948
R -512 447 521 -900
L -373 -33 746 -725
C -259 -445 614
S 91 -430 389 -979
S 755 595 -199 -632
L -207 -518 211 -627
S -474 -747 -314 526
L -235 811 664 344
R -663 -994 284 164
R 730 -132 -341 -684
C -633 99 858
R -354 623 -252 -739
C 651 642 293
L -523 -353 920 863
S -383 489 973 601
L -316 557 485 788
S 149 -775 -169 -241
S 970 614 363 41
S -891 687 15 -733
R 158 -915 905 169
S 197 -212 -937 121
L -52 -65 -491 -836
L -439 337 746 -908
L -207 392 119 -268
S -903 343 795 380
S -714 802 493 867
C 374 815 398
C 112 652 131
R 731 899 -650 12
C -841 -184 83
L 45 -253 -652 763
S -636 575 538 3
L -453 -586 -260 -117
S -56 -321 -907 971
L 960 -969 -356 673
C -735 -278 907
R 38 685 -844 758
S -440 347 -59 -657
C 476 667 829
R -909 -718 -91 -803
C 482 738 270
C 783 141 982
S -505 -917 961 -125
R -68 256 681 -944
C 581 -48 969
S -87 161 -247 127
R -577 -544 -285 322
S -634 -429 670 -744
S -722 136 -573 732
C -798 568 408
L 726 -328 372 -834
C -438 -91 793
R 693 -854 139 -676
L 295 -140 -655 62
L 859 -75 178 -707
S 681 -704 907 -824
R 286 922 -571 986
S -564 422 -574 314
S 678 185 -821 -79
L -221 206 922 -923
R 738 999 405 126
R -900 696 -544 667
R -88 376 -641 652
L -833 525 466 677
R 727 -832 -903 -609
R 159 424 776 -598
C -23 -810 396
C -904 267 680
L 248 419 676 880
S 589 517 -325 810
S -17 442 -821 -826
S 339 -847 53 -975
S -198 -675 -361 607
C 248 929 155
S -311 394 204 -543
S 284 -725 -947 713
S 950 -148 677 -154
S -614 309 879 -218
R 262 993 -644 203
C -710 -881 211
L -301 -413 -598 -242
R -462 860 774 -902
C 222 799 92
R 273 -242 572 365
S 802 468 -491 -883
S 639 -976 -949 -846
S -433 -542 -135 727
R 987 -342 -476 -720
C -213 537 277
S -445 217 131 870
L -279 -44 100 -951
L 624 -586 -438 -968
L 975 901 311 -800
S -46 876 297 -908
C -895 420 754
C -106 -698 775
L -595 -497 847 624
C 413 457 657
L 655 -750 -661 707
R 146 -978 538 217
C 246 -776 952
S -871 -668 336 -916
C -471 -810 876
L 0 -69 872 637
L -749 -138 -78 294
C 972 -357 693
R -974 -557 -410 882
L -430 -550 272 811
C -818 -158 767
C -453 629 297
C -9 -394 820
R 763 721 425 -129
L -424 662 -908 196
L -157 204 -584 -228
R 73 133 386 -915
L -53 -154 866 -515
L 938 717 -741 -117
L 897 -297 -800 -95
C 982 -789 941
R 917 723 11 -226
L 532 813 287 332
S -829 -913 941 -306
C -265 -834 474
L -529 -561 -16 -719
L -779 905 890 903
R 558 820 -752 880
L -836 842 331 281
L -190 950 588 635
C -690 610 479
R 857 -36 845 -839
L -334 461 -748 386
R -250 -359 -592 -263
S -100 -147 809 -614
R -353 111 263 -316
R 539 173 16 -947
R 381 -197 -937 271
L 222 759 171 94
R 883 884 801 844
S 154 -245 -839 -22
L -864 -594 224 577
R -888 -530 362 -865
L -280 -327 367 -301
L 735 -647 -430 914
C 180 -517 943
R -635 -377 698 -900
C -486 182 164
L -885 -910 236 -547
L 2 -843 532 -756
L 669 -13 827 761
R -709 621 -478 -953
L -819 -465 -984 287
L 911 958 572 -359
L 197 -137 -997 108
L -915 -561 -241 241
L -895 614 -315 -342
C 419 -351 892
R 653 -291 961 -593
C -795 723 464
S -476 862 -763 812
R -416 926 -933 -391
C -417 -500 787
S -669 999 374 819
C -254 55 914
C 834 -687 288
R 513 -451 652 457
S 633 743 930 970
S -484 -106 -870 247
C -912 542 875
S -136 125 -542 -506
R -793 855 967 565
S 561 -76 140 -980
S -63 -683 71 -742
R 724 -305 -179 -244
L -102 643 510 617
L -940 -385 -788 -539
C 218 -529 130
L 526 -193 -128 665
R -525 -824 -410 981
L -430 -127 879 940
S -786 34 54 988
R 850 -885 -627 -759
L 597 999 -161 443
C -582 -101 153
S -449 -541 14 563
S -517 31 260 376
L -519 -519 -455 908
R 282 -370 154 138
S 798 971 -752 -137
C 121 852 749
L -135 -944 670 934
L -124 -96 -99 345
R 901 505 730 571
L 841 176 -588 -703
R -960 638 -466 -258
R 262 -238 513 865
S 342 -42 81 76
C 671 -46 135
C -392 -266 626
R -682 752 -110 687
S -228 962 -695 856
R -915 373 714 -492
S -764 -121 -78 -881
R 328 938 -415 261
R 638 589 756 -748
S -526 -495 822 -593
S 27 125 -481 430
L 229 -542 448 929
S 164 -956 774 425
R 394 -946 -446 338
L -253 -387 -28 -276
L -589 -581 -614 878
C 816 -117 935
R -469 757 814 -379
S 33 32 -200 -688
S -322 -735 -136 99
C -81 122 322
C 984 614 908
R -678 -833 -331 566
R 677 -215 227 509
C -714 670 736
L 915 557 173 -867
C -483 -260 881
S -249 681 -465 -920
S 711 -342 -905 -774
S -811 -733 687 -906
R 732 -360 -554 -315
R -771 857 -778 -94
R 976 214 919 179
R 71 -619 -171 389
S -922 -225 663 -136
C 960 -751 144
L -560 481 934 -145
C -914 -203 434
R 20 -179 -381 744
S -985 225 -174 -165
S -461 -564 645 -412
S 479 -965 -673 -239
S 832 -694 517 623
C -124 965 512
L 475 765 -28 -842
S -178 -640 -236 -414
R -526 960 801 -355
S 565 -684 -175 313
L 726 856 28 -931
S 313 -175 -574 293
R 488 223 -252 410
C 515 893 541
L -663 563 -529 -726
S 262 155 -891 -533
S -839 149 -10 448
C -848 424 173
L -938 448 -839 161
L -503 -585 861 -542
R 798 -11 -402 38
L -32 -6 562 188
C -693 -850 483
S 258 -829 -830 -64
L 669 -829 -518 -908
L 183 -684 222 -659
S 592 71 -721 867
L 106 -311 -335 233
R -18 -190 556 105
L 423 65 133 -161
S -638 -703 -938 850
S 909 680 -829 -528
L 448 670 -685 -876
L 745 456 392 565
R 529 389 703 -910
L -662 502 86 -84
L 485 -233 -51 885
S -264 -260 -384 926
L 526 188 -707 -752
L 432 782 508 -707
L 941 977 -164 -443
C 386 -405 749
L 271 -748 -955 78
C 574 350 340
S -501 -883 760 -726
L 809 300 949 820
R -239 271 -587 708
L 254 -31 604 763
C 433 -13 931
R -251 -996 33 -924
L 771 -518 -630 -612
L 603 777 702 697
S -766 -735 995 684
C -644 759 844
C -563 189 5
L -939 643 674 717
L -232 351 -730 -820
S 63 -272 24 306
R 754 -343 453 660
L 511 -703 -178 -870
S 553 -552 -906 -906
C 146 -438 46
C -975 881 149
S 307 -40 81 -272
L -418 493 -570 -570
L -898 -196 979 790
R -917 674 818 465
L 886 833 38 -589
L -126 -602 250 -247
S -239 -224 -513 -520
R 836 216 -699 683
C -36 419 869
S -585 88 901 843
L 602 -877 933 -247
S -779 40 682 -403
L -438 832 518 456
R -128 -641 -351 880
S 169 -271 -688 -487
S -478 -87 -232 711
S -1 9 -938 822
C -910 -580 314
C 667 -259 892
C -798 840 167
L -905 941 689 -759
R -944 627 -447 -816
R -197 66 -429 617
S -123 787 -70 -214
R 6 129 482 68
R -222 728 -771 -567
L -576 -75 66 679
R -973 662 37 -751
L -162 591 -325 626
S 835 350 710 320
S 992 -17 -39 957
S -42 -24 -550 -37
C 284 -362 710
S -784 806 -719 960
R 93 -505 574 -510
S 895 -557 337 -666
L -331 938 -104 304
R 127 -393 -166 -517
C 986 -800 171
S 323 -477 460 1
R 604 -3 382 994
S -503 -353 543 -162
R 907 -202 933 -402
S 101 -680 -8 -273
R 94 197 730 -739
L -799 36 104 -484
C 561 64 997
S -539 -576 -605 68
L 918 201 -229 905
L -426 404 -272 465
C -907 323 77
R -792 -557 340 -933
S 401 -209 746 -293
S 496 -333 -648 236
L 944 -279 -267 982
L -229 294 598 493
L 665 -3 -830 -757
L -134 992 726 10
C -539 27 960
C -551 274 639
R -803 -679 -927 686
R 828 -501 989 218
R -508 -527 734 460
L 77 -23 -996 -765
S -243 908 540 -504
L -829 -112 527 548
C -346 -98 486
L -165 -287 372 -496
S 977 -476 813 -81
S 43 -280 -340 477
R 349 657 145 -47
C -761 935 181
L -111 -415 -758 140
L -78 209 529 -475
C -719 -606 363
C 168 505 358
L -155 713 256 362
S -253 675 -434 519
C 114 -652 684
S -873 985 -734 -656
L -676 102 -786 -825
S 937 184 495 -966
C -555 -212 181
S 657 544 934 216
C 651 703 818
S 226 416 15 -142
R -788 -11 -921 -154
S -63 -408 -354 522
R -332 -533 -326 -723
L 477 826 -10 -615
L 230 -242 733 -119
C -467 291 205
C -912 -316 421
S 335 -947 -677 -413
C -936 -497 892
R -932 -590 -462 620
C 11 -51 307
L 452 -244 42 6
R -936 813 -800 -327
C -730 -973 493
C 545 266 653
L 121 425 952 -757
R -25 -532 468 441
S 714 -33 -624 351
R 785 263 99 233
C -880 -996 742
S 515 -510 -132 -902
C 894 337 311
S 429 -481 -14 -945
L 281 156 881 -594
S -805 601 -210 -172
C -403 -336 444
S -603 160 710 377
L 225 -587 -411 157
R -529 -168 292 -925
S 393 -385 837 783
C 309 -199 896
C 704 -675 857
L -979 748 -271 40
L -538 -767 748 -106
R -805 -40 301 -449
R -263 -780 -201 874
C -468 -759 226
R -60 -217 -562 755
C 167 575 398
S -150 302 761 -567
C 515 609 245
L -819 -964 -336 364
L 274 415 479 -36
L -68 -60 -653 968
R 628 948 970 -648
S 933 -13 609 -62
L -208 -157 -200 186
C 67 -497 948
S 959 -858 518 -290
R 40 396 -502 701
L -966 527 185 452
R 44 553 932 317
C -737 -691 423
L -159 350 -552 638
S -107 -498 -744 -180
R -490 204 481 -430
R 881 852 210 115
S 887 -435 -275 890
R 449 850 524 -883
C 283 -80 648
L -440 -66 935 232
L 918 117 -613 -702
C 905 114 351
R 695 -402 250 829
L 733 282 -902 -359
L 134 613 -611 852
S 926 599 200 448
R -311 -256 363 195
S 468 567 333 720
S -596 -789 815 -65
S -94 291 856 572
C -785 430 535
C 771 190 177
R -144 -446 -658 553
R 637 -500 -128 497
S 433 -304 208 -334
C 22 -964 857
C -167 -626 958
R -603 419 -527 -386
C 232 -47 239
R 634 -560 -370 -866
L 798 -328 702 -652
R -277 278 -5 -363
S -88 906 881 218
C -218 532 781
R 211 99 636 -126
L 856 -66 -969 824
S 796 510 781 76
C 873 -207 147
L 81 -416 -85 717
C -991 -112 818
C -146 400 394
C 49 816 173
R -598 -110 14 4
C -740 324 266
C 153 174 615
S 43 -532 -887 -109
L -502 -795 -417 -319
L 562 574 -102 87
C 251 913 892
C 354 -262 311
C -598 -647 630
S -633 -582 -712 357
L -699 -140 975 636
C -31 -567 586
L 511 231 -718 620
S -253 188 -911 420
S -414 -823 13 957
C 674 -671 57
R 965 127 675 957
S -130 45 -163 -291
L 928 492 792 87
R 997 58 357 913
S -746 890 -433 796
S -230 -916 979 940
L 94 -72 619 184
C 356 -934 345
C -229 59 254
R 981 421 712 397
L -695 556 -235 -807
L 878 958 236 366
S 817 300 -187 -601
C -523 574 586
C -252 -799 918
L 222 -593 904 645
C 955 -398 889
L 481 14 848 406
C -205 -497 656
R -348 -439 -968 -719
R 777 -46 -450 442
S -12 -650 264 351
R 978 266 -260 -393
C 808 -333 129
R -286 -773 433 -74
L 34 -334 -569 -555
R 41 839 472 -169
L 421 12 443 -380
C -729 778 509
L -580 -485 372 103
R 118 297 147 -33
C -205 -221 506
L -227 690 -121 -653
C -556 -440 531
C 988 -539 501
R -461 739 909 -252
L 438 -971 182 823
C -538 -537 893
R -454 163 893 30
R -832 -161 -595 -58
C -619 -59 257
C 166 818 803
C -37 701 35
S 833 -803 -115 823
R -25 869 -908 784
R -932 -456 317 876
C 749 354 495
S 796 716 511 148
C 263 -731 89
S 153 -668 805 352
L -594 373 -188 -366
L 353 837 -148 712
R -91 810 -733 -334
L -493 595 -445 -723
S -174 695 -264 985
S -658 539 710 167
C 157 -58 774
R -743 668 -75 -277
C 537 633 175
L 519 -635 -155 -931
L -649 -636 93 -884
S -42 954 -407 -916
L -66 -53 968 557
R 940 -647 -886 922
C 104 -69 249
R 568 -863 -358 -301
R -473 -489 682 -629
L -762 -391 938 728
R 390 809 -377 626
L 506 902 -949 -977
L 69 761 -899 289
C -147 -442 897
S 874 375 -200 -485
C -904 279 394
R -331 -285 40 -651
R 483 -87 749 392
C 931 55 82
L 668 330 775 -118
S -761 68 -275 -390
C -949 -778 580
R -603 -236 706 943
R -217 902 183 586
L 992 317 -851 823
L 758 -588 -753 843
L -101 737 -38 -406
S 385 75 -665 865
R -244 -557 -768 786
C 835 -333 586
S -356 910 -297 -439
L -441 -924 -724 -776
S -419 550 -519 189
C -342 4 83
R 307 677 -380 3
L 495 238 -278 -480
R 716 614 -15 -985
L 702 -281 137 -712
L -997 670 -475 -444
L -716 225 -850 66
C 388 878 515
R -798 -392 782 988
R -510 199 -112 416
R 481 657 -931 -406
L 611 199 714 112
L -217 329 503 320
S 506 -881 -542 372
S -853 127 -406 -668
S -708 -901 801 -933
L -529 -388 772 -112
L 304 110 -788 -346
S 227 505 -99 521
L -528 -617 -495 339
R 342 -954 740 -65
L -496 -28 -460 642
R 985 183 -402 26
S 629 946 -706 825
C -228 470 698
S -440 -989 -612 347
S -231 463 -912 118
S 553 -515 -337 284
R -801 -655 -490 -805
L -688 415 939 -313
C -559 468 465
S -556 337 901 837
S -951 -236 -460 838
C -229 -631 732
R 967 446 -493 -94
L -839 709 211 576
C -674 594 711
S 226 -446 153 827
C -455 72 575
R 4 845 685 347
C 417 257 722
C -292 405 250
R 390 645 520 479
L 717 968 -180 -91
C -932 -320 833
R -937 -795 -472 -82
L 894 -622 216 766
R -391 -642 -438 4
S 991 76 944 209
L -587 -861 30 34
R -693 -530 -331 933
S 92 519 -94 340
C 345 148 995
C 192 -105 964
L 734 782 991 13
C 424 -203 397
S -489 -765 -604 -30
R 173 739 -976 308
C 601 77 728
R -150 773 -105 385
R -268 697 -510 -126
R -610 605 440 -413
S -560 -454 -908 9
L -562 -901 -509 -938
C -539 611 312
R 433 -469 373 514
C 851 768 141
L -462 882 -549 -335
R -818 848 771 -643
C -806 9 257
L 577 -761 613 -476
C -552 -497 813
C -922 736 619
R -851 367 215 780
C 292 382 824
L 533 -188 871 -720
R 472 -949 207 -778
S 622 -375 -28 732
L 716 -613 -605 452
S -154 860 144 -570
S 753 -622 -510 182
S -630 -817 -636 205
L 157 -882 558 45
L 122 707 784 199
R -308 953 -283 -939
S 642 -189 473 722
C -219 651 89
R -259 -41 -488 905
L 400 832 -216 556
S 850 722 -833 -797
S -534 -255 274 -704
L 949 -867 -981 -594
R -313 427 -216 -634
S -470 939 -909 628
C 436 -198 940
L 149 601 -766 -100
C -824 -374 102
C 713 -29 41
C 516 266 908
C -803 329 537
R 649 -239 -174 -960
S -119 194 851 -984
L 548 -538 -101 -188
C 474 -493 187
S 63 -82 262 711
S -547 906 191 770
L -981 614 -758 -785
C -237 -893 895
L 411 438 25 501
C -459 -531 167
S -109 633 70 -329
R -856 -673 214 -577
C 106 -31 838
L -670 322 -787 -265
C -416 758 984
C -885 218 917
S -335 142 -406 -874
L -153 -766 -522 492
L -2 -583 544 687
S -23 135 938 -861
R 361 -736 -55 883
C -686 -584 515
R 96 -720 30 615
S 388 94 -473 233
S 967 -176 717 434
C -560 231 398
R 563 -905 -681 640
C -653 996 774
L -383 246 657 636
C -526 950 411
L 850 -351 993 422
S 832 -885 -15 318
L 495 589 -92 645
R -451 -947 752 709
C -115 887 998
C -781 -939 510
C -104 -890 880
S 554 -329 -67 -588
L 756 52 623 -649
C 743 -526 276
R -563 665 725 596
S -714 -357 -643 -282
L 853 -52 526 957
C 268 -960 653
R -620 634 533 -914
C -846 -220 164
L -269 -532 -781 -240
L 369 -116 208 935
R 557 -383 951 598
L 732 -351 -865 535
C -996 615 116
R 152 -4 -985 43
C 318 437 853
R 142 47 531 -398
R 844 -458 -531 -950
R 491 268 -564 79
R -433 507 -714 654
S 913 -329 -86 -606
C 957 -213 542
L -491 -74 -663 725
C 217 -797 554
C 60 -120 702
R -978 702 -420 227
S 522 -204 49 -779
S 718 -107 -811 -771
C -350 -453 628
C 104 -481 686
L -222 -18 690 -800
S 106 501 -702 391
S -369 209 -165 314
R -245 676 -294 -257
R -747 -493 -202 -154
S 728 -566 -321 -533
L -738 259 284 -484
L 600 734 -252 53
R 642 444 103 -782
L -61 265 250 992
R -591 -783 -844 -62
R -334 884 -17 -776
S -687 -317 -936 -478
C 356 -489 333
S 883 -117 -638 -690
L -660 792 -843 331
C -678 618 263
S 954 -436 662 -49
C 8 -329 226
L -74 -7 172 106
L -896 404 169 -306
C 417 -695 353
C -789 -713 694
C 678 484 689
L 968 -116 740 420
R 602 -112 -20 54
R -329 -889 716 -905
R -550 317 432 -133
L -755 757 662 757
L -388 964 491 -85
C 735 702 818
R -220 525 -361 -191
S 879 -687 128 -594
S -155 907 89 -522
C 656 -850 925
R -735 763 -244 -417
R -425 -814 160 -2
R 558 39 -603 -303
S 538 -639 164 631
S 429 -664 -406 -647
L -623 351 -797 -917
L 112 152 -609 391
L 270 590 450 -419
C -309 -452 896
S -590 174 -821 564
S 984 686 746 386
R -501 900 -188 -790
S -318 -660 692 704
R 590 -570 271 -959
S 656 -673 -724 -673
S 103 878 242 -99
L -585 729 15 -510
R -314 -287 -350 -69
R 910 -377 -11 -120
R 940 291 651 -140
R 679 316 -739 310
S -235 -808 248 -506
C -148 -128 232
R 578 -661 -542 786
C -702 -61 925
R -546 214 97 -358
L 840 -208 10 35
L -459 -559 -611 725
L 779 719 196 -481
L -629 549 -977 -409
R 4 900 -437 -88
R 84 819 -937 727
C -219 -581 428
R 807 -942 43 -245
R -847 405 -591 -459
S -123 661 400 -965
C 644 47 214
R -878 787 -542 417
R -92 72 73 -311
L -801 384 -5 215
S 304 -695 386 -811
C 961 -616 921
R 107 -15 650 271
L 639 -42 786 -822
L -604 267 -220 59
L -77 974 -146 612
L 518 -498 68 90
R 342 212 64 155
C 996 -134 723
C 38 369 1
R -852 266 735 334
L 628 -908 415 -101
R -442 973 -261 964
S 502 -576 -197 -889
L 184 -817 960 308
C -200 -65 348
L 537 377 91 465
S -712 838 -991 -982
L 848 -358 430 46
S 750 689 -228 365
S 125 -330 -364 341
R 355 -318 7 -383
S 963 -315 -179 767
S -679 43 -396 45
R -101 -980 -735 -994
L 534 988 -133 969
L 947 -25 121 834
L -573 680 -195 -357
R -308 924 325 579
L 30 811 -408 -524
L -809 903 -151 753
C 703 900 430
C 525 200 559
C -533 -750 312
R 659 554 -467 -686
S -607 -221 -155 14
C -629 82 651
L 884 952 899 -682
L 153 -649 -537 -941
L -382 840 373 -144
C -94 -434 331
L 778 79 -14 237
L -926 235 949 535
S 83 -856 778 -877
L 501 -885 659 701
L 337 -584 -498 -712
S -272 469 673 973
S -351 489 929 -571
R -739 551 -973 126
C 455 92 518
C -749 -126 98
L 439 5 87 -322
C 343 -51 573
R 80 -850 -392 696
R -828 -225 886 -470
C 156 -379 447
S 961 495 991 -678
R 18 730 850 -246
L 551 935 -715 -460
S -383 -518 -700 -298
L -155 -430 808 -991
L -755 -587 822 145
C -970 -383 765
R -762 275 -743 70
R 637 771 41 -259
L 616 714 -551 -992
R -757 983 -438 -988
R -494 -513 340 598
R -214 -912 -489 -567
L 960 -291 -568 -500
L -385 503 794 -921
C -129 -635 989
C -407 -332 483
C 910 734 62
C -927 371 770
S -301 79 -810 -980
R 65 182 267 542
C 431 -94 902
S 163 165 52 -938
S -894 -859 968 -467
L 447 -915 -932 186
R 924 643 796 -306
L 176 882 811 -621
C -167 -145 242
R -528 655 -430 -502
S -443 824 732 -924
C -593 422 227
R -990 -429 -322 -858
C -280 609 812
L -316 841 -136 80
S -786 635 318 782
R 812 -392 -664 938
L -778 -18 -189 -626
L -890 912 -223 977
C 549 -390 505
C 744 -507 581
L 270 105 -661 512
S 562 -649 946 -407
C 675 822 576
S 868 642 103 881
L 859 -680 315 -715
C -150 990 893
R 866 191 950 154
R 773 -708 -76 -842
S 296 -121 -39 764
L 210 -499 821 67
C 824 -225 560
R 57 469 391 -262
L -507 -119 260 136
C 566 838 239
L -814 423 345 857
L -824 81 -531 722
R 95 6 53 690
C 127 -796 666
L 480 -379 756 -686
S 674 -99 776 985
R 265 -486 -54 585
S -794 143 -474 381
L -378 22 -585 576
R -344 -680 -359 -250
R -84 -983 -872 -471
L 683 256 -735 162
L -576 -227 194 -569
C -484 17 93
R -318 -256 298 425
L 309 -769 -994 -907
S -374 -55 329 728
C 350 267 958
C -565 98 501
S 3 -671 -125 420
C 971 912 268
R -161 -451 514 440
R 492 -43 543 563
R 443 -369 -336 300
S -396 279 846 895
C 972 -795 758
S 930 707 -370 407
S 24 -78 -448 -503
C -611 -756 579
R -169 920 -169 966
S -652 -808 -451 579
R 160 390 475 -122
R 962 -348 238 -716
R -106 -288 987 -466
S 186 -390 -233 -456
C 480 476 568
L 687 -300 963 308
L -204 790 623 -393
S 664 685 -688 218
R -844 281 81 637
R 982 709 761 746
S 464 -177 -20 -609
C 171 -272 468
C 275 -153 427
C -342 -825 856
L -251 -797 428 856
C -720 -437 915
R -243 985 -308 379
S -857 -916 -315 -699
S 641 -869 -218 129
C 247 -965 844
S -812 -37 -456 171
L 419 493 -631 -283
C 519 300 856
C 869 209 411
S -545 -64 120 -321
R 904 873 695 189
L -209 -565 204 -383
S -856 -315 -617 989
R 284 404 -710 -621
C 904 123 633
R -634 -209 -584 488
L 746 -764 932 -812
L 868 -18 168 -411
R 250 975 162 978
L 302 -412 -582 -105
L -709 348 -508 945
S 328 864 -620 -218
R 451 -849 -79 462
R -399 -85 906 591
S 924 -143 983 216
R 235 -184 -36 -653
R 584 14 -868 635
S -169 464 -265 -128
L -433 -443 339 40
R 84 -503 82 400
S -551 -644 -179 -536
C -668 338 778
C -96 -692 914
R 884 -935 -73 -677
L -878 49 -154 458
R 44 -548 543 260
L 110 -508 189 586
R -891 -659 -151 357
L 616 304 -372 -341
R -814 475 644 606
S -64 -349 612 709
L -678 -738 -387 -692
L -832 -350 -625 400
R 305 -358 743 990
S -341 135 892 65
S -856 980 698 -335
R -811 715 -880 579
C 784 361 165
R -886 781 536 656
L 379 -230 662 -470
L 80 160 996 829
C -101 337 444
C 868 544 618
C -354 -263 553
C -538 168 986
L -821 -321 -38 -580
L 989 686 -97 378
S 430 608 -995 700
S -852 867 -539 -113
L 492 -598 905 -828
L 466 280 373 283
L -894 -119 -392 598
L -858 -29 269 725
L -206 437 47 533
R 967 -491 -217 443
R 449 -728 -860 835
L 270 235 20 214
L 396 -86 174 295
S -438 -584 71 286
L 961 -468 -985 -956
S 88 -798 606 12
C -712 300 135
R 10 -134 619 496
C 99 -259 781
S 99 7 -529 -700
L 671 13 422 -225
C 559 -783 728
R 899 -868 36 -588
L -720 -997 -536 49
C -550 -72 390
C -936 99 321
R 322 -189 -292 -191
S -655 -748 -219 600
R -489 678 169 810
L -150 -270 59 -226
R 615 -325 148 344
C -24 -470 553
C 719 -66 128
R -671 446 500 -847
C 873 738 956
R -327 -33 764 220
R -141 -919 -753 70
C 830 468 409
C 689 151 105
C 710 928 111
R -227 411 952 534
R -469 686 -241 -645
C 769 512 79
L -137 226 474 -200
R -40 365 -693 -11
C 911 521 409
C -247 977 438
S -917 -507 350 243
L 747 -271 844 -642
R -528 -418 229 650
R -22 417 331 -762
S 668 121 876 902
R -190 501 97 277
R 853 -434 776 7
L 42 -861 -635 49
C 687 173 884
R -726 -854 -66 -123
L -854 404 296 282
L 828 807 244 225
C -588 444 84
R -311 835 409 -245
C 27 -585 315
R 637 -284 118 -811
S -76 -175 748 873
L -954 -32 636 -895
C -111 105 244
C 916 -809 987
R 965 -552 -550 794
S -689 -502 790 -866
S -577 -899 524 83
S -516 777 -677 954
R 621 -659 -285 -611
C -589 382 881
L -67 340 906 -858
R -879 534 -824 622
S 285 -481 432 413
S 541 825 -710 -118
C -111 569 559
R -880 -413 -143 -484
R -49 898 -977 -416
C 113 -592 978
L 967 437 686 -534
R -974 681 -563 67
C -851 450 307
C 480 -960 330
R 444 183 963 349
L 588 -760 535 357
S -372 812 -934 764
L -831 629 -803 -288
S 209 963 -517 348
S 620 -205 524 402
R 676 -238 597 797
S 728 204 997 -523
L 769 607 445 12
C -936 -635 847
S 693 972 481 -94
C -886 -43 705
C -126 -783 976
C -444 -702 380
R -994 14 -767 -128
L 309 150 126 -521
R 142 459 -253 -17
R -525 -682 -562 803
R 947 -376 836 275
C -521 -286 420
R 494 86 44 -277
C -628 -800 904
S -378 116 -528 978
S 583 59 942 -305
S 646 217 35 -473
L -49 -408 -675 8
S -122 -88 -233 942
R -951 -55 509 -174
S 603 338 -178 -627
L -811 39 -57 -337
C 552 -82 878
L 132 -261 -194 -94
R 737 -229 265 -451
L 940 -141 215 863
S -918 -987 140 -320
L -409 129 653 608
C -919 421 293
C -972 -133 949
L 769 -3 -259 114
S -839 786 823 48
C -456 -107 532
C 424 703 700
S -919 969 -705 -360
S -983 647 -790 839
R -618 49 -57 315
C -356 293 164
C -692 561 814
C -28 420 227
R 630 -820 -856 545
S 403 -746 -402 953
R -201 -988 499 697
C 814 386 716
S 899 -507 646 -148
S -541 -980 426 -497
S -691 745 343 -11
C -132 955 883
S -484 -550 -34 -98
R 701 467 894 -393
S -936 306 317 -640
C -228 437 11
S 412 -160 507 741
R 73 523 286 -619
C -860 -613 861
S -151 -126 536 66
R -673 -280 42 -495
S -512 697 -1 192
R 924 312 -333 44
L 733 448 691 -149
S -615 -334 650 -521
R -771 -509 -796 499
R 869 -584 919 -10
L 914 52 -797 -966
S -480 -983 -38 -281
L -518 -810 299 -958
L -802 -129 -743 -596
R 789 318 -584 -950
S -532 -470 -502 827
C -820 -455 28
L -527 -684 938 -571
S 932 -145 -349 669
R 234 97 786 416
L -511 620 -844 702
L -461 -403 597 200
L -537 -827 -323 -542
R -248 -131 423 604
S -337 -131 785 -123
R -310 168 804 -223
L 853 -620 -110 -799
C -917 -661 871
L -618 -803 621 -550
L -702 -986 -537 510
L 516 -274 -239 -950
R -351 792 -32 512
L -279 -671 320 638
R -962 -463 307 389
C -330 -659 248
C 683 -858 547
R 2 -22 -354 432
C 48 -138 415
S -623 -300 -736 774
C 560 414 693
L 351 -101 -306 286
C -636 -880 303
C -195 928 295
L 207 -857 597 -850
R -542 -240 -794 -602
R 538 786 -731 720
R 939 -178 -106 158
S 297 331 528 -15
C -835 -890 681
R 153 -270 -178 -794
R 332 811 -381 742
S -957 -572 -349 245
C -744 970 472
L -567 -512 322 99
L -869 -213 436 -981
R 759 -453 837 -264
S 736 310 -849 -971
R -857 993 -710 840
C 952 193 558
C 771 -914 319
S -689 156 -616 -853
R 131 960 -154 -422
R -606 -873 211 108
C 384 -254 281
C 345 -873 732
L 278 -372 -685 -203
C 888 271 465
C -603 199 605
C -401 -794 87
C 608 138 522
C -102 -559 704
C -259 -4 743
C -419 147 855
L 739 -803 -710 -142
L -976 972 -984 564
S -460 331 830 599
C -509 -977 32
C -952 -390 477
S 851 551 -105 -202
C 206 698 27
S 160 989 824 763
S 316 535 307 -101
S 489 -461 -382 -753
R 419 512 868 503
L -807 -39 -131 938
C 783 -452 169
C -138 596 647
S -329 407 -809 -240
L -893 230 744 -990
C -546 882 201
S 23 -46 -583 785
C -602 613 777
S 929 497 359 742
L -518 -100 679 240
L -965 299 -678 -696
L 571 225 473 -630
S -332 -746 -945 -744
C -156 941 276
S -571 949 -950 51
S -16 -514 -580 -962
R -29 -900 -460 219
C -632 487 916
C -476 245 531
C 45 217 278
R 292 -604 271 -381
S -954 -574 669 -180
R 184 366 155 932
R 620 -487 -687 -329
L -302 -522 -892 -502
L -195 401 -929 42
L -747 -438 -955 420
S -17 841 294 -739
R -52 -584 583 656
S -825 941 -22 -583
S -310 82 249 673
L -644 814 -482 -400
S 234 -983 -422 854
L 21 -27 -635 699
S 444 734 -166 -603
C 859 829 469
S -315 -830 65 -906
C -736 652 110
S 714 846 -377 -394
S -768 825 -198 372
L -960 413 623 -28
L 826 386 -742 604
C -185 35 630
L -555 -494 746 -637
S 727 -198 908 -336
C -64 -66 353
L 828 947 -880 -660
L -344 -13 -931 -110
C 466 915 815
C 898 6 676
S -428 99 766 -404
L -311 867 -903 958
L -335 -548 -13 -432
L -207 176 -560 -535
S -302 545 -933 968
R -223 -928 -727 -543
C -656 607 916
C -448 12 190
R -294 718 -960 -82
C -157 711 764
L -806 7 989 797
L 718 194 584 -416
C 555 -458 444
L -913 -90 -34 172
R 235 -308 -227 -593
S 766 -881 -911 18
L -931 -22 -886 -234
R -559 -296 259 -739
C 539 -666 760
R 897 -452 681 -543
S 684 640 -454 354
C 677 -496 859
S 976 -5 -628 564
L 411 97 66 477
R -771 519 503 -711
S -777 -588 -893 240
L 789 -764 -834 -385
S -159 -624 -271 860
S -879 456 -176 -777
R 627 735 -236 -995
C -782 29 575
R -563 741 -780 670
S -215 83 894 -853
L 275 120 109 898
S -715 761 428 -74
L -406 -510 -8 -179
S -405 -499 -768 -461
L -426 501 -608 -508
S 313 -655 690 356
R -329 342 -147 -589
C -331 744 167
L -799 895 -45 320
R 818 958 602 -429
S -579 728 -758 -524
C -938 838 81
L 548 -570 806 776
L 36 -144 -716 -148
S -418 -47 -376 -120
L 966 511 -425 -963
R 987 -790 200 303
S -609 600 -810 71
R -616 -626 378 902
L 611 -392 -708 -873
R -256 -815 -774 39
S -205 -227 733 864
S 390 -148 32 375
S 423 -742 286 333
C 763 549 880
C 651 -955 561
L 964 977 -743 -123
C 908 -167 443
R -597 257 573 -226
R 377 -152 -957 271
S -744 -641 -394 820
S 239 -584 -110 -13
S 769 188 519 -375
R -676 -839 -140 -244
R 672 -569 -203 134
R 22 727 -876 -46
L -310 584 446 709
S -684 -929 -153 213
R 275 685 954 -650
R 850 -873 -596 -608
L -760 -906 743 992
L 787 -455 -666 229
C -800 -458 148
S -182 534 588 -923
C 927 923 862
L 836 -999 -551 -328
S 558 -873 -805 -236
L -494 -493 185 -994
R 775 -932 958 -607
R -515 -729 654 -435
S -75 -241 768 252
R -561 775 -850 596
C -823 -417 387
R -873 725 -806 -238
L 15 656 775 77
S -529 -513 194 878
L -59 624 -941 -674
S 785 -42 -34 -523
L -616 961 -885 140
L -236 834 -888 -469
L 432 -572 411 256
R -843 -532 -177 401
L -542 -725 386 -772
L -369 341 -777 -80
S -66 -654 207 457
S 234 -985 -339 -625
C -248 443 741
S 237 -280 717 860
S 278 -436 462 -375
S -838 -73 710 -4
L -238 -182 857 -678
S -330 -382 -750 181
S -872 -251 -343 -645
L -562 28 263 177
C 95 319 770
L -829 181 125 -586
L 581 -896 482 492
L 229 539 466 -130
S 713 570 157 -989
R 821 -350 -210 905
L -969 -287 738 32
R 767 701 -761 811
C -468 105 463
L 741 -584 495 745
S 914 -246 -130 -222
C 646 905 81
S -848 -393 -547 -798
C 884 111 31
R -359 -225 -492 211
L -30 877 974 566
S -563 640 -716 -495
L 626 -486 -991 -978
L -459 549 103 642
C 995 844 127
L 430 984 -22 -880
R 616 -546 759 -534
C 419 241 748
R -264 -954 264 26
C -214 -204 69
C -581 152 65
L 350 969 870 634
S -90 -41 -715 -528
R 978 -167 -768 635
S 453 -738 -462 -616
L 937 801 310 710
S 554 -557 -822 230
S -123 376 90 95
R -543 968 555 46
L 302 -161 577 -350
S -784 -768 -799 437
L 166 -700 -888 -654
C 442 556 489
C 196 -209 233
L 530 -193 942 719
C 999 655 905
R 122 -930 618 -380
L 345 -286 578 -499
C 384 896 829
L -506 333 972 44
L 775 -166 -96 486
C 868 -425 78
R 778 -441 577 -263
L -116 -712 -206 336
R 302 231 -100 414
C -2 581 129
C 442 973 394
L 617 -927 900 -400
S -196 804 331 -22
R -39 496 -984 464
C -248 570 537
L -38 483 365 662
R 480 -119 585 -727
L -499 452 439 956
C -571 616 532
C 425 -180 938
L 267 -791 577 -696
C -604 -271 477
S -87 -899 -631 -7
S -116 990 -719 -892
R 34 -221 47 -195
C -726 -392 701
S -895 78 644 723
L 387 393 950 408
C -482 -307 989
R -292 273 -791 275
C -925 662 282
C -529 847 448
R 48 349 -918 -170
R -673 -783 384 319
C 279 740 821
S 683 452 -776 -324
S 737 -663 444 -901
C -401 968 501
R -990 -989 118 -402
C 49 758 606
C -230 -536 117
S 931 457 -231 -980
R 726 -826 224 -824
R 496 -721 554 935
L -724 -762 351 -672
R 594 742 424 79
C -660 514 315
L -206 563 866 -480
L 900 -30 -788 297
S -877 -908 38 -751
L -858 -74 -748 828
R 28 -86 -79 771
C -727 -830 284
L -489 152 -707 309
R 681 158 789 554
C 58 408 492
S 50 -760 -393 -566
C -958 52 745
L -263 213 834 457
R -381 795 -923 93
C -374 -568 76
C 907 -481 334
L -21 -102 767 -184
R 34 -257 -561 821
L 300 -245 143 435
R -496 986 -590 852
C 962 532 473
S -531 -628 -217 -583
L 731 897 492 230
L 632 974 -777 -813
S 635 593 7 -841
C 928 603 515
R 930 -116 427 586
R -214 -83 936 825
C -587 -129 933
C -73 564 38
R -675 540 -295 -576
R 927 33 713 -571
R -81 403 -74 429
S 896 -706 -891 179
C -930 196 46
L 729 -460 913 703
S 724 -328 -472 -550
S -542 -174 -1 -92
S 120 252 -488 760
C 267 893 961
R 923 655 -947 321
R 719 -840 -508 -729
C 455 181 353
L 869 81 700 668
C -135 178 429
S 930 -855 -440 155
R 6 -336 -640 -583
R -624 -402 141 291
L 852 -801 -581 882
L 383 -873 -136 187
R -616 -444 205 -56
L 766 -614 279 -486
S 399 138 164 -129
S -639 86 126 -301
C -981 -700 14
C 712 699 149
S -419 280 -707 -501
C 306 -966 810
C -692 -655 723
S -362 399 441 -782
C -481 -228 655
C -645 -194 481
L -971 -112 879 -24
L 894 -866 219 -714
S 377 464 -562 -788
L 24 219 62 482
S 151 -569 -802 -931
S -93 -119 565 935
C 521 855 926
L 909 910 238 650
L 708 864 638 -134
C 408 972 925
L 39 -495 -185 -255
C 837 -349 896
S -753 -170 -874 372
C 243 -666 849
L 406 631 195 -452
L -638 -149 -198 -281
S 541 535 873 967
C -396 853 894
L 650 475 267 168
S -462 -339 345 -529
L 229 631 63 -894
S -384 894 550 634
C 289 490 93
R -297 287 -368 -826
S 61 219 570 252
C -239 147 913
C 878 -60 937
S -414 445 939 741
L 802 -639 -12 -814
L -918 -642 131 919
S -615 524 239 103
C 807 785 574
C 828 -151 382
C 911 -694 316
C -18 -592 19
L 682 -13 807 -901
R -852 625 -806 269
S -459 -5 611 -915
C -452 -884 840
L -49 -863 350 271
R 491 -120 69 793
C 810 -419 369
S -700 -50 816 -58
R -706 414 -394 -550
C -410 231 810
L 241 -242 966 373
L 399 -747 11 -727
L -4 -432 477 -89
C 833 574 48
L 853 979 -369 806
R 737 -228 271 -563
C -144 154 889
L -638 -480 516 28
R 956 -456 -483 -356
C 130 -679 750
C 999 -895 942
L -626 707 -110 144
S -238 826 -932 -369
L 949 874 723 -52
R 924 -929 558 842
L -768 957 -304 -654
L -166 -324 970 904
S 559 653 -174 446
S -604 748 -372 -351
C -606 24 724
L -783 -621 581 -348
S 942 -92 418 -605
C 657 820 866
L 971 912 -667 -974
S -319 246 447 -277
S 848 -721 61 -225
L 458 -173 694 740
R -208 -612 172 84
S 378 -31 -892 338
S 312 -811 -471 -110
R 352 -263 -44 -532
S 348 383 672 -492
R -295 -672 321 625
L -562 895 465 125
S -388 -655 470 858
R -664 -253 738 -743
C 594 -133 274
L -104 -998 950 -307
R -372 565 -575 174
L 650 -33 -765 -600
L 29 -2 520 337
C 799 -350 622
C -433 785 224
R 318 -800 -143 -622
L 149 -580 809 -690
L 293 48 -474 384
R -733 515 890 -963
L 661 -468 339 -226
R -652 343 -524 56
C -704 -968 502
C -835 -66 912
R -42 -854 -461 -732
L -843 -954 558 914
L 90 -565 -675 851
L -444 -484 950 -46
R -995 -901 -95 -38
S -578 -490 -677 -288
L 650 -424 294 -355
L 477 -814 -207 -62
C -141 -33 628
R -149 -999 -720 -335
S -254 23 128 180
L 996 36 -719 -641
R -504 119 970 -792
R 168 108 -345 425
S 705 -93 -832 -926
L 4 921 -364 -959
L -411 43 -537 -538
R -857 -996 -775 -999
S 753 -302 -13 428
S 317 880 -883 -35
S 522 740 224 -542
L 55 -501 -156 829
S -865 -692 -608 471
C -17 23 935
S 273 197 602 400
S 386 868 -78 -803
R 393 955 -264 -65
C -530 27 158
S 700 -761 850 -46
R -177 248 572 -840
L -542 -990 379 -815
S 573 200 265 899
R -568 646 77 452
R 878 -945 613 -61
L 207 -680 -25 817
R -954 -913 791 582
L 293 -298 -545 -750
L 16 0 -159 -595
R -995 329 -992 -211
R 190 100 125 852
L -510 -825 815 -816
L 642 -92 -191 -836
C -186 -332 658
R -622 -206 -976 -286
L 121 0 858 -891
S 611 159 -345 998
C -139 -285 50
L 12 -150 -161 165
S -276 858 299 855
C -673 257 226
S -992 -219 -428 -335
R -855 -352 848 507
L 488 -448 -5 449
R -397 674 -420 -417
R 609 -756 -973 -257
L -191 -131 383 -727
L 962 -725 -963 817
S 351 -314 527 187
C 816 -366 649
L 121 502 630 349
C -566 -34 371
L 334 -8 -308 -990
S 941 -617 203 710
C 280 -287 498
C 542 848 192
L -497 -426 143 697
L -472 456 457 -146
S 889 649 -824 308
C -547 -444 932
S 219 -676 -687 -599
R -17 -780 -832 281
C -460 782 282
L 575 608 923 447
S 694 510 -58 -551
C 495 425 91
C -525 608 741
R -713 582 -760 981
S -262 48 -805 849
C 969 -229 713
C 58 546 374
C 883 -289 162
L 512 -18 -69 -552
R 643 887 173 214
C 962 982 633
C -602 854 215
R -297 -814 274 -627
C 791 599 824
L -633 947 333 -851
L 336 468 -814 106
C -278 398 933
R -183 -647 942 402
S -86 -689 969 636
S 124 -783 -398 518
R -906 824 392 -912
C 179 41 212
C 738 -380 762
R -21 727 -842 -718
C -731 368 338
R -35 -612 -988 -775
L -195 -651 242 -729
R 902 -970 84 -363
L -338 -17 -664 -678
S -393 219 -841 -140
L 832 -575 119 823
L -232 -168 -469 464
L -178 472 77 -581
S 489 -656 -773 126
C 808 -606 112
R -179 147 -246 -93
S 744 -845 325 607
L -848 -923 426 -792
R -553 529 743 -663
L -605 -536 139 -834
C 980 -443 204
S 418 998 -619 -677
R -427 95 371 655
C 313 -779 370
S 814 -825 72 836
L 467 234 123 534
L 154 -775 375 398
C 367 110 381
C -430 701 907
R -322 -913 618 646
L 593 -102 -468 871
C 834 710 846
C -282 -75 763
L -257 -268 78 -596
C -385 508 628
R -278 -947 -51 -760
C 683 682 126
L -375 343 -583 792
R 416 -329 770 -166
C 535 400 880
C -224 -426 715
C 144 485 158
S 32 24 -891 834
R 989 921 51 -92
R -541 655 200 -667
C -154 -473 513
S -658 208 -215 -393
L 193 -722 -482 -510
C -482 218 297
C 714 -761 960
C -172 -730 526
S 840 800 -889 -409
S 108 -601 -728 97
S -820 559 642 -557
S 268 467 396 848
S 984 -294 761 139
L 154 213 98 450
C -163 214 219
R 386 757 -455 -126
R -582 802 -582 114
S -922 946 582 795
C 838 -595 410
C 297 293 976
R -135 -596 708 -29
L 993 797 217 276
C 480 -510 447
C 523 -357 962
S 97 591 185 -467
S 923 351 -977 -144
S -292 95 10 542
R -393 -820 916 795
S -44 998 273 -584
C -644 -504 708
R -711 -628 857 -325
R -441 640 86 -762
C 398 816 138
R 284 -216 275 -697
L -247 634 -70 -371
R -464 65 -372 509
L -456 610 -26 -452
L -292 -937 641 -7
S 531 -787 109 -597
S -774 517 -567 646
L 769 -548 452 -986
S -78 479 336 636
C -611 -632 142
C 140 869 696
C 241 -532 87
C 361 -92 161
S 763 485 788 -518
R 837 749 -647 181
L -456 -97 -54 351
C -150 -876 289
C -17 358 246
R 533 -566 781 17
L -784 -81 548 -901
S 987 328 -273 317
S 276 573 -483 -161
C -759 -981 14
L 690 344 -593 -712
L 187 -289 -642 -567
S -708 112 -514 -616
R -77 -114 -466 -558
C 761 -13 464
L -13 532 -496 941
C 637 -481 86
S -48 287 -496 -910
R -598 533 -468 -391
C -492 -607 400
L 769 141 472 39
C 293 -891 758
C 346 754 968
R 37 591 -725 729
C -249 -401 321
C -528 -747 26
L -874 -42 736 552
C -150 -671 202
S -302 -925 -223 -703
R 805 506 990 44
R -726 -98 -354 254
S -894 -357 739 63
C -16 -357 678
L 926 238 -445 -627
C -774 256 218
C -926 -556 327
R 175 -315 -462 -489
L -805 225 583 -24
C -335 -378 304
C -962 -174 417
C -647 -975 61
L 557 69 49 410
R 598 886 -298 722
R -354 941 -650 787
R 194 828 980 649
L 333 30 -998 845
C -372 -856 648
S 482 187 -72 -790
L -500 -877 713 -385
R 594 -859 130 472
R 412 -611 -936 -618
S 680 -382 822 -963
C -383 419 198
R -443 -257 166 684
L -322 -885 180 -645
L 340 108 445 97
R 561 806 -740 -386
R 888 51 690 211
L -272 569 970 -518
L -334 685 -791 665
C 977 383 85
C -291 -831 102
S -682 330 -913 109
R -118 -561 -72 351
C -224 918 743
L 226 118 299 673
R 440 -383 -65 -609
L 450 585 -663 429
C -479 -506 520
R 361 373 -302 -392
S -12 792 484 -774
S -247 90 356 -438
L -521 -326 -142 -763
C 630 -107 377
L -659 19 -298 73
C -552 178 93
S -626 -825 -998 53
R -82 40 923 366
S -788 35 505 421
C -605 -147 514
R 149 -257 959 -690
S -584 794 121 768
S 850 692 -184 244
R 753 -748 -990 -179
R 73 472 643 -894
R -27 -234 875 285
L -700 655 894 898
C -172 949 294
L -585 -21 887 76
R 689 -647 -402 996
R -122 -375 -454 -214
S 892 -443 -953 -21
L 452 -845 65 -344
C -147 -608 776
S -612 470 429 -351
C -57 650 942
R -249 -345 -370 685
C -841 142 434
R 892 -754 88 -765
S -991 -900 -641 -870
L 727 -455 298 706
C -255 90 804
L -749 508 -685 -849
C -555 -663 461
S 883 -592 23 743
C -780 -157 912
R -543 -388 -89 -171
L -163 -850 -39 175
C -267 -388 638
L 992 -477 -550 319
L -988 -281 -106 -971
L 166 666 -759 34
C 354 900 25
L -203 350 -593 -369
S 913 -572 -48 88
S 854 156 -361 230
R 140 -473 894 197
L 756 464 -962 996
C 433 -378 612
S -872 -160 517 -247
L 797 639 833 531
C -389 607 444
R -48 -828 -352 159
S -39 922 -954 565
C 103 -242 163
L -628 -640 243 -812
C -387 465 291
R 398 198 550 819
C -421 -2 683
L -412 373 12 -186
L 744 -834 136 229
S 796 138 365 -306
C -109 175 260
L -938 273 -573 323
R -427 579 -175 97
S -760 28 996 879
L -774 909 -932 -185
L -340 -127 837 -785
L -159 -523 748 859
C 409 804 798
R 770 -744 -382 670
L 309 -969 -724 858
R 274 882 683 389
R -102 67 -288 -650
R 137 624 886 739
S 817 -818 233 -374
C -115 -304 942
S 644 364 -173 -869
R -681 -883 8 931
L 274 135 -305 499
C 602 -610 246
S 604 326 390 42
C -978 18 210
C -609 -481 13
C 722 23 780
L 313 623 -443 -529
S 141 287 -71 794
L -885 390 717 -211
C 946 -912 370
C 869 -267 259
R -447 -159 234 -522
C 921 441 348
R 567 -319 603 118
C 246 -98 174
L 693 283 20 -45
S -847 454 -928 -780
R 458 -396 -144 982
S -720 970 898 -100
S 704 407 881 701
L 478 -560 684 -811
L -865 593 -369 805
C -57 67 635
L -230 -811 310 894
R 120 676 -791 -131
C -618 370 222
L 178 -949 -499 -24
C -22 215 642
C -189 633 596
C 288 95 69
S -144 -197 -491 630
S -262 -676 760 -845
L -693 -214 -760 936
C 837 790 101
R 617 273 -829 625
C -268 761 395
L -975 263 -981 -429
S 504 -225 223 -968
R -988 -29 -692 653
S 131 -721 -358 -821
R -266 -122 -293 -694
C -572 -379 661
S -997 -528 -905 -537
R -277 227 -258 281
C -652 -433 297
L 210 -681 -290 -461
S 799 485 409 748
L 164 -416 91 -114
R -715 -36 506 -643
C -493 -686 797
C -878 -456 730
L -671 -946 -768 466
R 337 -535 923 -93
L 230 -731 181 383
S -950 -848 -172 533
C -31 402 47
S 990 916 770 -28
L -133 -835 20 280
R -783 953 -861 -109
C -683 201 17
C 88 453 540
R 937 660 -259 -84
R 788 -542 581 275
C -387 -851 592
L -352 57 -713 869
L -87 385 -152 417
S -255 -313 -581 -521
R -353 -739 -268 593
C 709 200 596
L 12 808 -800 857
C 449 -56 123
S -20 434 -464 -553
R 953 472 -917 -449
L -712 -615 44 7
S 575 -150 763 584
C 319 808 532
L -392 477 -457 -491
L -896 785 -764 976
L 280 572 -443 952
L -531 541 447 -53
R -110 201 125 -254
C -547 47 192
S 783 931 174 -632
C -98 977 992
R -767 968 -783 -531
S -446 534 481 633
C 170 563 515
R -942 -875 -66 8
L 107 645 -704 -98
C -885 902 244
C -862 -547 481
C 943 -158 466
R 398 231 -542 426
C -67 -251 452
C 197 851 78
R 86 -857 -52 941
R 849 575 -43 799
S 510 -624 -449 -952
C 622 166 945
R 874 -155 -867 326
C 332 452 423
L -992 130 -964 -908
L 668 -972 793 490
L 405 848 -128 -282
R -381 -503 895 -341
L 308 -392 753 856
C -308 568 463
L 541 -215 -993 -500
S 139 -855 152 312
C 288 197 651
R -563 641 998 -340
L 995 -748 -102 -572
L 992 -605 869 147
S -874 -854 -940 -586
R 104 -111 -40 239
C -338 735 78
S 940 -447 241 -997
R -133 452 -822 268
R 143 -351 -974 692
L 984 200 -227 918
C 234 228 287
L -362 -648 -253 143
L 481 417 -264 -942
S 134 639 152 -276
R 897 316 128 388
R 143 855 4 -300
R 221 -718 593 291
C -216 896 56
R 942 -361 687 -825
L -717 479 585 -804
L 470 -707 796 50
L -767 694 -311 63
L 239 -60 -335 283
C 294 786 50
C -711 24 683
L 642 -111 -347 -105
R 491 -515 99 -888
R -223 499 -373 -189
C -302 -104 290
C -437 -258 906
L 712 812 -608 408
L 737 555 375 -956
C 297 -147 216
R -924 928 739 -755
L 277 940 657 968
S -780 -932 173 79
S -470 -677 -382 560
S -406 -802 -876 618
C 965 251 95
R -189 832 -530 383
C -143 137 375
R 706 655 -245 842
L 308 -387 -978 401
R -342 -270 -83 604
C 849 310 174
L 699 927 -851 604
C -334 -355 867
R 191 -811 -510 452
R -77 158 533 -39
S 607 544 -490 -692
R 260 794 736 -546
S -118 -14 132 423
L 43 -767 839 995
S -809 -316 -211 943
C 575 412 23
C 911 -301 62
R -508 165 322 -257
L -87 192 -511 -138
L -683 946 5 -889
C 590 -274 911
C 752 347 843
R -294 -62 -765 906
C 176 964 899
C -382 10 179
R -435 458 -415 -376
C 610 -597 182
S 855 919 391 247
L -283 -804 529 -111
R 173 836 865 -724
R -639 215 -199 -230
R 638 373 -996 836
R -14 -20 -736 600
C -50 -440 917
L 433 -956 53 708
L 108 -874 868 294
C 776 -24 226
L -904 36 660 274
S 538 -215 903 653
S -912 626 907 802
R -299 -11 87 77
L -663 255 514 -225
R -793 -172 217 172
C -986 -256 350
C 305 918 291
R -40 -457 697 -450
S -810 -216 -408 719
R 565 -242 -205 836
R 665 -873 -258 10
C -75 118 254
C 447 -172 144
R -397 498 709 -501
L 209 -930 -509 989
S -794 272 -266 698
C -236 81 504
C -787 366 462
R -402 704 473 -737
R 540 873 30 901
R -486 -765 435 -672
R -96 -176 203 -591
L -130 693 879 -704
C 867 494 808
C -581 -384 389
C 525 -99 467
C -229 -825 580
C 654 356 370
S 619 -91 -669 155
L -272 179 695 -554
R 679 -312 708 -275
C 354 -140 58
R 799 937 654 -901
R 50 544 -807 306
L 412 350 674 -915
R -418 738 22 -659
R 569 -260 882 655
R 681 -306 363 929
S 344 532 -769 219
R -517 -984 865 804
S -567 818 958 -637
C -958 827 158
S 99 -128 338 -411
S 514 -849 671 236
L -503 282 359 883
L -840 -514 -538 678
C 655 -102 894
L 51 -463 -84 -923
R 467 846 871 -256
C 245 -996 187
R 642 -575 -360 190
L 800 -432 288 -996
C 860 365 944
S -631 -314 -417 282
C -534 478 889
L 615 99 375 -194
S 477 -673 -530 -56
L 102 -843 -897 482
S -161 672 134 541
C -185 999 383
R -761 269 90 398
L -467 897 170 699
R -753 668 443 -210
L 227 711 513 -469
R 454 725 708 -196
S -494 -569 -633 -936
L 849 -378 347 -700
R -843 -156 -532 869
R 988 -337 59 370
R 814 451 714 36
C 770 -637 713
L 643 127 880 613
C 820 30 108
C 619 820 325
R 738 50 545 -918
R -375 -616 -832 -655
L -271 -483 -410 405
L -134 999 -999 -292
C 292 876 460
S -637 -152 425 692
C 199 -853 465
L -686 163 156 -909
S -586 855 120 173
C -153 13 363
R 160 43 134 -338
C 622 -136 721
S 945 492 -793 57
C 870 -515 145
C -553 -27 94
R 207 -890 -482 -983
S 726 683 943 69
C 415 41 466
L -579 856 518 388
C 335 -277 495
S -738 -661 -296 -137
S -804 886 910 598
C 435 528 803
L -709 -73 -444 802
L 569 986 -980 -943
C -747 -93 931
C 644 -892 416
C 903 -629 405
L 794 -852 -132 912
R -818 693 -602 894
R -183 -923 -271 -472
C -593 103 633
S -367 44 932 581
L -230 104 -230 396
S -90 18 194 -455
S 841 -540 118 642
C -214 -333 188
L -754 702 78 642
S 99 -931 -494 -363
C -282 153 564
L 701 569 -816 801
R 685 -242 631 237
S -75 -545 -329 109
S 225 285 210 -248
L 863 258 -422 -494
R -169 -573 312 943
S -962 345 -481 174
R 445 -274 840 -68
C -397 308 803
R 605 -319 -861 -333
C -664 441 48
S -923 -816 -487 -871
L 580 770 529 -398
L 166 371 217 -93
S 55 768 -981 -402
R 224 -897 910 978
R -951 235 633 19
S 20 -234 589 -698
L -639 -820 739 -875
L -690 484 -122 525
L 429 -632 -120 283
C 244 523 813
S -925 -474 -256 733
R 412 839 142 -996
S 818 -199 -461 251
L -741 -893 -320 395
S -963 -813 884 143
C 679 -24 469
S 985 664 -88 -547
C -551 -77 469
S 997 -979 385 -888
R 991 209 -874 236
S 486 406 700 -386
L 576 407 -14 -185
C 827 62 523
L -907 589 489 -745
S 492 608 -892 785
S -509 251 -615 -674
S -102 303 -249 -74
L 142 255 -642 -301
S -928 -404 -605 -982
R 973 790 697 957
R -56 959 -829 123
S -48 -740 484 768
C -471 389 300
S -274 -207 -337 38
R 924 220 510 -729
S -556 -24 -618 -289
S 837 -675 611 -493
R 943 -136 132 -149
R -5 -516 -796 -261
S -221 104 -65 381
S -730 645 -394 -927
C 23 450 667
S 226 -25 -585 -705
C 611 601 429
L -625 -328 -183 931
C 918 726 128
R 549 249 479 59
C -691 -176 519
R 612 316 -516 761
S 466 783 -168 -144
R 14 539 925 -896
L 307 511 -142 -369
R -830 -745 -56 -643
L 938 -895 -901 451
R 139 -709 709 135
R -416 -979 991 339
C -441 534 644
S 945 -998 527 -28
R -176 -255 76 71
R -576 -939 355 878
C -472 -267 468
C -808 -385 117
C -811 -185 775
R 195 -593 870 -849
S -545 666 413 -67
C -236 -129 266
L -830 634 -127 346
S -761 56 28 837
R 628 -669 874 -467
L -965 -531 -497 -522
L 994 11 -752 -308
R -928 -511 80 930
C -356 385 230
R -713 -431 722 -869
L 888 564 294 361
R -526 169 963 619
R -57 77 159 -636
L 889 92 297 -980
L 964 602 401 850
R 743 389 -139 897
R -423 911 -834 -519
C -672 810 4
C -219 851 634
C -540 933 373
C -629 -155 845
L 681 235 -538 355
S -955 912 -601 998
L 339 -355 -435 -819
C -303 309 817
C -352 533 995
S 271 77 104 369
S -95 -685 262 -664
S -163 -1 910 -425
C -605 -817 988
C 96 -48 536
L -111 -271 -234 -670
R -134 184 278 -131
S 199 -15 -739 817
C -443 -442 98
S 690 985 272 -675
L -711 822 211 198
C 985 878 864
C 414 971 620
R -715 432 -180 -704
L -392 794 135 -855
R -396 -840 737 -457
C 221 -866 386
C 253 217 437
L 644 -515 -446 988
C -209 -494 466
R -108 -861 -986 -607
R -206 -229 -339 537
L 713 -721 -936 -443
R -468 407 283 952
C -973 -34 516
L -981 448 -127 -270
R 765 727 -827 353
S -191 979 -754 83
L -149 88 853 -230
C -661 241 24
C -132 -998 623
L -523 80 -243 809
R -924 -572 -4 68
L 300 -769 -905 -963
S 49 972 -528 -546
S -19 443 -933 -825
C -483 368 815
R -855 164 -600 936
S 370 -261 117 207
L -102 -433 75 -259
L -839 720 -144 -782
C 836 131 143
S -440 934 -71 -727
C 199 -32 23
R -162 158 -971 -988
L 826 942 -56 6
R -374 307 -163 -770
C 555 626 471
R -897 176 326 -733
L -738 -896 390 172
R -502 510 -61 701
L 784 949 212 -825
R 996 499 335 603
S 914 -379 242 -398
L 608 -709 -155 212
S 169 -972 -723 395
L 693 -303 586 432
S -755 419 -175 294
R -864 -816 61 -748
R 570 671 -906 500
R -985 -188 -509 -697
R 574 264 460 -83
S 846 -11 526 708
R -432 102 -447 909
L 991 -779 -12 974
S 436 -603 -503 466
R 781 188 -16 -49
L 498 706 131 -886
C -325 -907 11
C 899 272 11
C 881 -937 28
L -58 -754 514 172
L -926 -943 914 -307
R -921 504 -266 -620
C 452 -341 73
S 170 -264 613 -89
R -532 -91 -366 340
L 81 -907 -968 -384
L 886 -171 212 302
R 591 -715 -885 659
L -47 17 -379 593
R -246 -813 92 716
S -498 241 916 -967
C -315 -817 626
S -4 -412 796 -476
R 970 193 301 184
S -451 385 -739 -882
S 574 151 402 504
S -171 -975 748 -579
R 797 547 -793 993
R -548 443 -411 -531
S -797 -769 -705 793
L 129 -61 158 -74
L 18 -953 486 -242
S -571 -247 -917 186
C -723 392 420
C 104 109 513
C 871 -801 224
R 812 512 -886 867
C -460 526 669
R 835 -564 909 -612
S -953 982 -412 685
L 499 384 249 70
S -13 -178 -734 517
C 732 87 387
R 104 -748 -775 -790
C -921 235 758
C 155 -156 605
C 106 -978 426
S 592 867 979 -190
R 601 930 -39 -762
S 261 181 -10 -313
S 949 410 -841 -914
S -853 450 440 653
C -842 189 186
S -353 -125 -980 -180
S -97 -78 -170 869
C 565 -144 385
C 713 994 371
R -693 162 -544 -911
S 345 -594 -805 139
C -636 -258 257
L 41 -989 214 491
S -977 240 -779 523
L 636 787 -357 998
S -208 716 864 -943
C -444 -305 914
S -310 -670 590 -492
L 754 -874 666 624
C 682 865 7
L -289 -492 815 679
C -598 -368 550
R 37 -714 467 530
R -545 -147 476 325
S 876 -457 959 -376
C 714 -216 54
S 611 -336 594 875
C -475 840 177
C 110 74 426
S -486 -479 103 -589
S 660 375 385 679
S -602 -595 195 546
S -920 533 159 -829
L -263 977 -200 95
R -223 -575 -225 604
S 183 528 -930 -792
R 453 -828 426 465
L -273 -197 692 -359
R 497 -834 -792 762
C -482 -887 119
C -295 -838 284
S -167 879 144 -800
R -849 -21 -50 251
L -837 118 -52 93
R 288 -759 -157 -979
L 454 -397 840 959
L -677 -254 -294 -84
C 218 854 484
R 726 869 -574 326
L 886 -512 485 -591
R 346 -623 -281 891
L 838 541 -152 919
S 114 -803 -368 885
L 136 -165 807 -756
L 330 325 -597 375
S 338 433 -212 -685
R -514 -836 610 419
C -475 -576 14
L 858 497 -581 -222
S -867 355 403 -129
L -841 -919 -263 -655
C -193 -724 274
C 692 180 745
L 929 324 996 -807
R -208 -375 88 -500
S 628 -929 443 -833
R -849 -176 216 147
L 234 -101 18 603
C 709 636 463
S 653 -188 -295 845
S 898 563 996 174
L -178 -760 276 -962
C 171 727 957
C 521 689 141
R 176 -592 -125 36
C 962 -928 662
S 649 314 -813 -767
R 414 221 855 -331
L 279 337 236 -189
C 32 -900 590
C -71 940 770
C 845 249 357
L 632 -295 -454 -901
R 879 992 -916 114
C 105 162 261
R 193 -446 -803 923
S -399 386 -832 -958
C -946 -528 140
R -372 927 -144 965
R -125 657 -885 -402
C 622 751 242
C 32 -648 174
R 797 -181 697 -264
L -826 167 618 881
R 803 -234 869 151
R 604 -382 286 -455
L 679 -19 107 821
L -826 -921 218 23
L 629 -771 309 -151
S -594 699 -303 -106
L 608 -916 859 -31
S 828 321 -770 772
S -776 373 -528 -44
C -326 536 283
C -476 101 335
C -345 287 817
R -622 -814 -37 499
C 593 -645 314
L -636 965 962 208
R -954 -720 531 34
R 634 597 -537 -242
L -818 552 770 -627
R -697 -496 404 38
S 118 -360 -536 -667
C -245 492 209
S 830 73 -145 -73
L -711 390 101 418
R 525 243 261 104
R -329 -205 -449 340
L -14 -267 -699 -301
S 345 519 797 -126
C 259 267 368
C -163 -551 967
S -672 752 898 996
R -256 -705 98 715
S -814 407 854 -540
S -65 -782 885 -623
L 88 -413 810 -421
R -551 842 294 402
C 556 670 613
L -440 366 -111 -763
R 798 -816 510 -831
L -26 -533 514 997
S -480 -4 -199 -234
R -944 -333 313 -15
R -393 -313 760 -213
R -911 -240 693 478
L 158 -340 760 449
S 287 831 -652 -517
S 564 -604 -912 121
R 874 -430 750 -718
L -74 -252 689 -276
R -38 -701 -81 -529
C 813 -878 341
R -500 -633 904 -176
C 502 -546 489
C 166 -847 541
S -366 472 -266 -933
S 937 -246 755 983
R 103 798 875 122
L 406 975 577 -818
C 768 983 592
C 945 965 970
S -691 -790 -50 171
L 19 -591 -313 879
S 615 -536 -5 -747
R 545 396 842 385
R 844 -830 98 -822
C 348 -878 438
R 982 -302 -202 8
R -916 -284 -19 -942
R 218 -111 478 793
S -751 -862 270 378
L 841 767 -944 -158
L -644 -43 999 -317
S -533 106 -689 454
C 105 -107 155
C 420 -39 371
R -505 -367 627 592
L -139 17 -667 740
R -231 622 -363 -421
L 899 -255 899 -819
S 264 -562 -597 519
C -694 275 165
R -886 -730 -73 399
C 641 931 782
R -608 199 -544 735
C 167 -256 78
S -487 71 624 -445
R 170 -665 290 474
S -691 -399 147 846
C -235 681 634
S -333 749 -961 2
R 134 -507 -282 -568
S 530 -855 -4 -247
S -145 123 -77 983
L -776 -923 -553 595
S 820 716 188 604
R -850 188 448 834
R 794 -105 -707 377
C 110 -475 622
C -605 927 398
S -109 133 966 -413
C -984 -876 158
L -124 -632 -327 -48
L -665 287 347 613
S 143 -412 489 888
R 57 -243 -610 671
R 701 687 -159 247
C 807 -432 409
L 188 272 575 33
S 766 269 383 538
L -67 -413 482 997
L 968 -234 651 280
L -736 -693 -76 -348
S 111 -901 -76 -849
S -986 -797 -199 -104
L 665 -11 -63 -306
S -837 -27 -294 -23
C -424 857 930
L -908 -954 -461 -377
R -749 866 312 -476
C 666 -693 100
S 521 -653 -949 998
L 760 -676 -349 46
L -101 182 -774 811
L -890 -228 -676 -612
S -462 533 -29 737
S -548 -673 32 -274
L -3 763 -120 54
S -285 -161 -659 -321
R -954 724 409 -386
C -914 937 507
S 971 -680 -986 -451
S 881 131 -3 -709
C -637 -464 580
C -775 875 692
S -490 699 744 -670
S 754 -822 -96 -764
R -351 -679 -392 877
C 342 -964 233
S -391 -100 -943 450
L 775 301 -19 691
S 527 -539 -882 598
L 892 203 -495 472
L 682 975 -527 370
S -915 -532 -624 615
C 381 938 354
C -492 866 44
L -161 221 -34 -881
C 837 191 500
S 198 -689 782 631
L 579 -294 -915 -994
R 496 -71 452 -940
L 335 634 -782 -713
C -758 937 194
S 667 658 -477 375
L -409 409 -399 -198
L -108 594 -848 299
R -432 549 -223 -719
R 135 -14 -840 -347
R 951 -36 535 -614
L 69 332 -107 -940
R 108 233 911 -904
S 452 -639 -297 -180
S -489 172 -721 617
C -922 -446 779
L -734 -170 747 651
R 660 -570 853 -684
L 356 -118 -859 953
S -947 -100 -476 21
S -105 -581 -579 823
L 726 -664 811 -900
R -140 349 221 806
L -78 115 -876 810
R -675 266 -279 -24
C -344 492 994
R -901 -882 -297 166
S 29 403 906 -783
L 56 268 -630 111
L -27 455 510 -669
L -99 742 -140 -790
R 674 -555 437 -797
C -649 986 489
C -383 101 476
S 758 425 -237 -329
L -796 990 978 993
R -544 -247 -836 -607
L 219 -495 -189 -980
C -514 -214 824
L 564 -437 942 -843
L -860 -655 -382 -237
C 161 -9 538
C 797 148 946
S -673 712 517 -205
S -507 -391 260 436
S -237 56 887 -491
L -362 -731 403 -718
S -165 869 -964 -432
L 937 904 -614 -789
C -11 -154 322
R -311 -596 94 439
R -862 510 -297 -616
C 946 -771 726
R 640 -989 -475 832
R -943 673 738 -272
S 396 743 447 788
L 64 -413 971 968
S 848 656 1 -379
C -852 -396 62
R -854 -43 861 -73
C -518 -800 849
L -901 873 193 -291
C 545 464 587
L 971 777 508 -286
C 805 536 378
C -212 850 482
S 112 291 36 -946
R 940 -482 -729 -791
L -242 571 -946 -992
C 119 -374 401
L 515 -161 541 -45
S -933 -29 -983 -769
C -19 690 443
C 886 67 117
C 608 -694 781
C -570 28 618
R -121 -862 -779 305
S -89 920 995 -972
L -339 -666 83 -409
L 965 -764 941 951
C 534 488 259
S 90 296 515 520
C 41 692 253
L 788 -12 681 796
L -99 -737 -562 53
L -102 -179 -928 387
L -437 -470 877 384
R -790 977 54 405
L 733 -883 -399 732
C 706 835 534
L 119 724 -917 672
S 966 -975 261 -834
S 717 750 311 24
C -964 844 513
C -432 -788 558
R 748 -209 328 -678
R -785 91 500 879
L 800 284 -443 -661
C -130 53 467
S 388 979 198 -83
C 492 275 290
R 836 433 -418 238
C 756 -723 854
R 279 -572 659 -959
R 594 882 -36 298
R 550 819 90 673
L 601 -298 461 94
S -620 318 -670 -639
S 18 244 -698 -913
C -944 -289 496
R -790 -924 -413 618
S 193 -192 -229 65
R 558 593 -573 -107
R 985 460 628 -889
L 614 147 410 419
S -257 846 -198 667
S 137 -106 -497 450
C -672 -63 305
L -722 -751 206 897
L 991 154 -982 596
R -242 918 -633 842
S 346 215 -912 234
S -194 460 588 -222
L -881 242 860 942
C -498 23 515
L 583 132 -675 443
L -656 671 174 -679
C -191 940 857
R 933 684 -566 -987
C -711 -544 627
S -964 -751 -473 -321
L 615 970 234 77
S 560 355 -193 659
L -938 782 -643 -683
S 303 987 975 -163
R -974 736 73 -840
S 872 -155 146 366
S 130 -818 -971 260
C -508 -301 65
R 198 -127 -861 236
C 705 68 312
L 534 -818 -501 -59
S -295 -173 -297 269
L 631 46 991 -625
R 401 -998 894 -546
S -913 520 929 -923
L 516 -231 287 -72
S -345 995 -787 961
L 45 708 360 -373
C 185 -406 872
R 672 994 932 122
C 847 -400 832
R -520 106 -120 827
S -675 -641 487 18
R -84 -240 -771 912
L -407 595 -802 -696
S 22 159 -204 -183
C 638 -909 435
L 586 -373 -797 873
S 149 230 304 517
R 287 -168 992 -955
S -428 874 339 -998
S 922 282 583 -916
S 139 -285 671 -357
L 332 287 496 -440
L 9 -993 519 -107
L 251 -773 -952 406
S 486 162 343 291
R -827 -994 -531 -10
R -993 -682 955 -177
S 923 286 725 -696
R -175 760 -841 351
R 976 862 313 -87
S -900 643 -239 -368
L 115 103 370 -727
L 869 555 546 -439
L -364 47 770 297
S 278 -470 386 547
C -487 492 887
C -271 -699 54
L -978 -44 980 547
L -433 275 306 -390
S -835 -275 -387 274
R 103 -668 -890 -190
C 671 986 98
L -490 -262 -159 107
R -80 719 164 -578
R 233 267 -353 993
L 4 718 -500 475
C -627 996 158
L -409 724 101 -739
R -748 474 -137 829
C -626 221 924
L -42 790 355 761
R -696 907 -306 -693
L -20 145 87 -507
R -359 -68 -122 981
L -799 833 -260 -525
C 21 754 768
S 144 584 -781 -957
L -746 -63 335 198
R -107 531 -136 -763
C -113 74 972
R 253 -938 455 597
R 189 -281 -859 -776
R 349 877 889 437
S 475 325 309 442
C 178 -364 698
L 334 -118 -929 140
S -46 437 654 -421
R -177 -924 870 309
L -250 -734 -102 164
L 248 171 967 824
R -730 187 16 723
R 447 -632 654 -990
R -992 -670 -245 459
S 934 -900 -749 172
S 240 637 692 -973
C 483 640 839
S 278 -14 342 -530
C 163 91 790
C 736 965 493
S 87 688 -339 39
R -357 -319 195 809
C 74 -104 458
S -793 857 932 686
L -424 253 -350 460
S 504 -542 875 -215
R 724 -613 -254 522
S -240 -432 920 490
C 692 783 167
C 738 -786 814
S 221 -610 -82 -703
L 430 911 379 -966
R 216 -262 963 136
L 67 -356 252 938
C -103 -850 427
S -946 825 -799 -226
R -328 530 451 409
R -291 -952 -839 525
S -640 -112 429 428
R -858 -974 703 68
C -843 171 211
C 486 -973 948
R -716 -778 850 97
L -68 -326 316 501
R 515 -261 460 260
C -332 422 297
R 334 -878 -863 -795
C -161 446 972
L -864 452 529 -177
S 453 427 -898 504
C -420 -193 646
R -706 408 107 -910
S 521 -910 -420 291
R -45 -420 -706 668
R -741 -651 -177 751
S -253 -199 269 -20
S -169 -3 266 538
S -122 360 -230 767
S 533 700 97 -777
S -267 65 229 -597
L 98 -617 -720 -948
R -695 490 640 82
C 797 149 626
L 626 676 349 943
L -410 -42 -919 364
C -11 243 445
S -97 593 -365 -705
R 632 -418 -67 623
C 817 -611 596
L -433 -936 398 825
L 14 389 228 937
C 852 -524 393
L -397 80 -773 530
C 919 740 974
S -901 528 -297 -340
R 776 290 -731 72
S -227 -46 -500 -370
S -32 284 -292 822
R -445 -884 -801 -976
C -853 524 78
C 315 485 790
C 961 575 237
S 506 -392 -861 -820
L -774 -217 -887 952
C 879 939 72
R 314 658 -364 -22
R 489 -855 -73 -163
R -527 592 833 660
S -273 246 507 581
R 598 937 -535 716
C -49 -221 212
L 624 -843 641 311
C -116 -35 896
L 916 -888 -521 427
C -469 -570 414
S -150 121 -768 201
C -502 291 553
R -490 681 295 -417
L -943 592 -148 746
S 867 -857 -25 531
S 376 741 481 -510
L 375 119 -645 904
L 890 511 -75 200
R -808 -646 -76 25
L -134 -934 672 239
R -862 -197 454 -521
C -775 -862 3
C 895 360 450
C 362 718 565
S -461 -237 193 -92
R -228 -574 863 -285
R -9 -246 670 -875
L -483 170 -812 -973
R 16 859 -789 347
R -790 761 135 -241
S 489 598 -940 24
L -954 -23 -250 559
S -869 -441 -822 934
C -214 -30 732
S 315 -63 347 -393
R -705 527 403 -386
S 679 -77 -113 -557
S 716 172 -965 786
R -301 -225 -459 398
R 96 -41 649 616
C 838 184 251
L 375 564 563 200
C 266 756 23
R 869 -721 -680 373
S 398 -953 82 -44
R 797 235 161 -507
R -468 -611 13 -368
S -832 135 652 -114
S -163 -730 -877 -965
L 417 279 17 -526
L -980 -132 -907 -283
R -854 59 -265 416
L -751 -639 -960 -417
C -762 -828 956
C 21 -842 170
L 326 -287 -925 -329
C -322 143 698
R 241 -401 226 498
R 877 849 78 -792
C 558 -344 447
C 23 -169 76
L -531 -664 67 995
S 782 93 -648 447
L 227 608 -690 0
L 999 268 419 232
C 626 961 216
L -454 -813 719 979
R 840 211 -359 -404
R -771 -784 -364 -15
S -564 684 -161 192
C -194 956 917
R 118 925 -1 -113
C -180 828 161
C -860 -584 91
C -9 288 296
S 653 930 665 63
C 74 -493 932
S -136 -766 803 -783
C -137 -144 356
R 422 -338 23 542
S -744 -845 804 269
C 809 607 169
S -843 970 -418 -328
L -698 -562 584 582
R 15 18 131 -54
R 395 878 -75 -609
C -354 878 983
R -981 456 66 -192
S -271 -386 306 -107
L 482 342 -719 536
R 431 -497 25 988
L 911 -560 -135 -511
C -901 -355 701
L 674 77 -442 -884
C 766 19 406
S 621 251 -669 165
C -787 -524 229
R -170 -793 -200 -652
L 839 976 363 -159
R -146 -93 -862 540
S -10 -425 72 -546
C -266 -568 869
C 539 55 157
C 7 352 52
C -819 -98 654
L -591 11 -170 -83
C 878 -686 298
S -664 664 738 714
S -885 -616 -925 -94
S -431 531 106 -319
L -441 -901 -77 -43
C 679 -433 365
S -86 333 -340 -135
C 470 -311 344
C 602 -554 743
C -247 -470 898
L 313 -910 624 -9
R -296 93 -434 22
L 780 -45 976 -885
C 732 215 618
C -899 -950 200
L -344 816 78 200
C 564 457 168
S 988 576 185 -804
C -254 -107 292
L -917 -508 918 647
L 372 510 -288 -104
S -915 -255 27 463
S -188 293 900 441
R -567 209 -673 279
C 517 169 66
L 186 -966 949 -274
L 664 11 744 740
S -387 396 -359 857
C 53 395 520
L 541 -364 60 -173
L 741 -400 -256 102
L -960 23 461 -981
S -48 -703 -810 -842
C 879 -172 82
S 357 210 -19 -843
R -564 -222 -680 -664
S 193 694 94 -160
R -352 462 190 -192
L -278 916 620 -335
L -259 301 37 -673
C 264 151 798
C -87 -784 284
S -164 -282 608 -631
C 396 -231 535
R -260 150 309 -587
S 235 146 -294 880
L 998 -872 -449 896
L -573 -994 316 -822
R -754 784 -993 874
S 126 814 -85 865
L -198 609 -842 -275
S -195 644 -553 229
S -559 587 -825 441
R 799 237 553 310
C 587 -262 497
S -63 673 -248 403
R -816 -251 386 -649
R -364 -757 187 -764
L -495 -14 -786 438
R 531 157 -186 82
S -672 -857 -242 -256
R -169 85 823 -741
C -383 766 157
C 697 827 550
R -592 496 -345 714
S 460 418 -699 675
S 766 -824 756 481
S 55 910 -688 -142
L -797 62 -87 0
L 254 -70 -773 947
C 700 -947 410
L -750 537 231 -698
C 486 884 640
R 511 600 292 -756
L 767 311 -878 131
L 556 356 -749 -67
L 882 -101 109 503
L -44 -149 924 -952
C 928 -979 534
L -583 -976 -7 -361
S -669 -286 -8 -338
C -592 47 335
R 399 145 -763 45
R -859 259 126 386
L 683 -65 176 673
L 30 -821 140 -722
C -572 952 685
R -948 611 -756 901
L 485 -58 -844 -434
L 322 591 -800 -331
S -290 -177 56 -627
L 683 -509 -276 -243
L 70 -946 957 -958
S -918 -811 -681 589
L -604 998 -430 496
R -862 -855 -727 786
R 409 -113 45 857
L -446 -42 -135 -10
L -4 638 873 37
L -777 -695 43 -772
L 818 -280 816 533
R -491 523 71 -42
S 814 -291 -211 723
L 270 179 399 484
C -640 -193 749
L 841 17 -852 -899
C 421 -10 65
R -150 76 -712 190
C 566 643 842
S -163 -772 -340 153
S 312 731 -85 -912
L -794 203 -121 -516
S -667 335 612 -488
S 805 632 525 -888
C 107 -188 432
C -269 154 719
S 559 667 470 -304
R 960 596 -232 307
S 27 -882 -342 -801
R 287 -593 -355 -38
R 800 127 -291 -949
R 498 960 -896 -529
L -280 -5 -309 -703
R -555 877 908 551
R -864 853 -195 -503
S -198 -805 771 882
R 808 -936 -819 587
C 172 384 479
S 21 36 769 534
C 788 640 578
R 751 360 -510 -870
C 899 -833 763
C -188 -285 306
S 909 561 -460 331
R 16 -551 -924 618
S -48 234 158 -629
C 620 230 863
S -601 966 72 234
L 799 -801 630 -143
C -339 514 573
C 872 -212 671
R 412 487 -894 -522
R 267 465 -793 449
C 580 112 507
L 267 -75 -876 831
C 926 475 352
S -583 -312 -402 -144
C 371 -271 66
R 699 -239 600 -871
S -344 -637 -729 -633
C 193 -895 350
R 958 -116 772 924
C -320 -931 684
L -914 367 233 -37
C 891 430 335
C 793 53 550
C 420 -841 851
S -58 -901 968 -834
L -381 -917 -753 -398
C -714 -283 213
S -38 -270 -626 -500
C 262 83 305
L -130 753 533 -626
S -861 498 -965 114
R 218 -58 -574 -912
S 549 954 -657 761
S -375 742 0 -464
R -201 -70 576 607
C -199 490 466
C 15 535 810
L 166 545 855 -42
R 719 -670 -952 -220
L 199 338 427 63
C 768 -230 268
S -83 -40 -668 -118
R -233 -941 -892 -732
C 587 566 697
L -828 -761 656 696
S 367 314 698 -908
S 604 890 -999 405
R -192 -279 -400 306
S -946 -645 691 267
R 451 -723 -829 -301
L -635 628 -782 542
S 226 -785 66 474
L -550 451 -787 199
R -118 755 -124 -896
S 947 560 304 -771
L -208 856 166 895
S 234 -462 999 -125
C -541 -859 540
R 599 -490 446 -307
L -226 14 -682 -641
C 622 583 121
L -178 698 931 -531
L -242 -308 -622 -765
S -929 240 -710 -605
R 741 -193 -878 -249
S -699 -748 26 87
S 910 -839 -79 770
R 531 596 505 -669
R 304 -387 682 118
R 700 366 -257 -629
C -248 957 792
C 560 983 112
L -377 -514 -418 645
S -91 -238 -683 130
R 647 -939 -71 988
C 166 201 204
L 215 -803 902 -540
R 296 -499 865 545
C -314 182 58
S 988 -969 610 392
R -960 -476 94 -487
C -312 701 216
R -286 367 310 -238
R 510 -97 725 215
C -204 -916 847
L 825 -462 1 -517
C 120 466 519
R -995 724 465 -885
L 955 -353 -698 -444
S 133 -628 -287 524
C 148 -398 933
C 554 740 564
C 933 486 954
L 811 -956 -276 -142
L 737 -695 370 291
S -791 372 -563 -46
C -899 970 209
C -658 577 113
S 632 -221 766 -306
L 737 -235 969 102
C -654 -94 535
L 749 417 -609 286
R -7 -760 -703 -565
S 769 -142 -769 4
L 895 273 -669 -301
R 664 -3 855 -665
L 646 -821 -13 -20
L 130 -459 247 314
S 844 -718 -650 -525
L 33 537 598 102
L 438 -669 -317 -87
S 426 275 803 93
C -394 4 891
R -941 -242 641 510
L -813 -906 306 -625
C 685 31 145
L 269 573 722 157
R 555 -793 464 808
S 246 -104 423 396
L -293 -600 780 202
S 422 331 -963 -208
R -763 -790 -945 329
L 358 792 896 -853
R -25 -857 694 -767
R -331 325 806 -884
L 199 351 547 -568
S 872 -928 486 -868
S 417 -424 980 168
R 633 -480 -427 150
C 300 -667 719
R -869 -106 959 691
C 439 609 990
L -729 728 340 595
R -507 742 -960 430
L -257 221 -139 -537
S 145 -862 470 -683
R -726 62 -908 -882
S 993 365 410 -473
C -831 882 397
R 912 -537 -250 329
C -304 610 54
R -427 863 259 -26
L -9 812 311 196
R -819 -900 638 857
L 802 267 -841 -281
R -680 -820 -674 -492
S 952 711 865 -944
C -923 -547 508
L 130 -16 -721 321
L -607 -415 865 -611
S 578 995 304 -438
C 141 211 171
C -970 508 259
R 708 920 863 -280
R -79 70 -228 -690
S -70 -660 520 -298
R -848 642 171 475
L 494 -578 953 -585
S 490 594 714 -101
R -650 -988 821 -96
S -285 208 -693 -422
R -566 785 991 -947
C 454 -543 822
C -430 -38 769
S 687 724 725 -593
L -824 -151 -415 -923
L -132 39 153 164
R 555 850 660 539
S 625 -759 333 -789
S 639 -270 -657 513
L 97 811 -277 786
L -682 -343 -845 -619
R 816 -291 -772 -58
S -742 -588 505 -748
C -238 457 153
C 459 -801 899
S -618 75 200 924
L 904 535 487 -441
C 313 567 102
R -538 624 494 -729
L -217 37 589 466
R -624 170 -396 -288
R 956 -342 379 758
S -117 -240 -204 296
C 643 -499 929
S 847 -375 -744 -593
R -376 479 -604 373
C -659 -152 46
L 597 4 823 -902
R -257 -768 -298 -882
R -254 856 -504 -60
S -136 -437 115 -491
R 253 265 -900 110
L 594 369 -842 231
L 315 908 -666 -648
R -186 -249 -148 -81
C 881 785 652
C -950 146 69
R 760 -688 561 76
S -808 436 423 -925
L 938 212 636 -476
S 532 576 -443 931
S -101 -789 716 -524
C -872 -362 247
C 432 -14 453
S 117 172 789 155
L 518 -269 -497 188
C 413 615 720
C -389 97 884
C 453 -869 147
C 240 -665 357
C -884 -159 810
L -427 -573 912 583
L -387 860 -517 -522
L 385 631 -510 -347
L 447 912 443 577
R 80 -81 -193 -58
R 955 -719 773 106
C 805 513 939
R -56 935 -158 163
L -767 -254 -970 228
C 246 -122 446
L -670 252 -839 346
L -776 393 401 -869
R -631 85 -200 607
S 350 -977 907 -365
L 947 602 -908 946
C -707 -780 949
R 304 -260 388 -875
C -638 -543 143
L 277 712 -76 585
R 803 75 185 -942
L 579 678 151 565
L 970 234 127 222
S -140 150 120 288
C 990 638 663
L 976 -185 -925 -222
C 237 64 533
C 192 427 156
R 905 631 -790 660
C -322 264 735
S 542 -541 345 694
S -509 -672 -113 -317
L -687 -835 234 738
S 301 437 376 229
R 113 -578 -646 -543
C 874 -170 926
S 482 -458 324 6
S 65 727 -735 -44
C -216 746 986
S -344 502 795 -727
L 53 -994 815 -865
L 560 -672 231 -291
L 322 725 -84 -342
L 224 673 -334 92
C -285 -418 990
C -871 -975 368
C -929 -86 976
C -619 -791 723
S -102 881 990 -976
S 727 63 474 446
R -781 707 665 236
L -577 23 261 891
L -499 221 -212 -328
S -288 -78 -989 52
C -925 93 430
L 606 -798 162 -936
R 768 416 -575 737
C -141 -170 636
S -473 76 567 278
R 492 -714 677 -39
L -819 -11 -96 569
L 832 -587 -720 -525
S 789 -617 -438 -403
R -606 -514 349 698
C -421 -363 410
L 89 228 -119 -401
S 851 179 137 -85
C 504 782 89
L 939 -322 -182 -626
L -733 -169 296 -472
C -542 -192 879
L -524 871 505 214
L -925 -282 920 -187
R 821 -252 477 265
R 720 -725 496 -467
S 136 -859 980 -200
R -97 -458 -392 -283
L 541 -442 782 -143
R -107 683 -867 663
S 666 454 522 -64
L -128 -789 -589 -825
R 824 274 -568 882
S -788 -782 -306 967
R 931 -549 -3 691
S 176 -298 -826 -489
R -352 897 65 -198
S -597 368 345 -994
C -947 -398 725
R -412 -260 464 88
L -979 -20 514 115
C 369 275 309
S 359 487 -377 -996
C 757 468 339
L 291 498 342 481
R 857 -190 435 -398
R -15 905 385 -427
R 125 499 861 -316
C 942 330 118
L -432 -219 857 330
L 911 -137 -466 -554
R -39 -958 -870 -230
C -154 -11 473
C 642 -843 760
C 640 -749 961
L -802 -125 928 -375
R 984 -490 -441 629
S 770 890 -209 -890
L 28 -804 -993 -492
L 151 767 -592 467
C -435 -976 293
C 752 874 436
L 423 804 -444 -857
C 139 434 470
R -873 -541 51 -906
C -646 449 330
S -867 -381 759 -631
L -789 39 -976 -422
R 380 742 -424 130
S -111 503 -686 -149
S -895 -504 -594 -725
R 526 116 570 -392
L -286 -592 408 -375
C 543 255 822
R -538 -152 136 900
S -270 987 910 -701
L 991 -198 -223 424
C -322 701 63
L 833 761 -222 -676
L 492 523 -347 557
C -974 757 523
C 221 -643 988
R 724 -934 -2 -691
S -74 596 184 -210
C 169 652 185
C -208 -41 717
C -86 246 661
L 261 -638 -251 -335
R -499 157 355 561
C -514 221 434
R 772 872 -895 974
S 344 -6 -982 -102
L 1 -151 -895 -98
C 325 -230 367
L 231 -980 301 -146
S -753 412 -674 656
R -600 404 -625 937
R -707 3 159 -493
S -538 974 611 337
R 655 -306 -833 968
R 648 -124 -621 -91
C 37 173 761
L -10 170 38 -60
C 470 522 175
L -222 -287 -128 -867
C 843 44 394
L 22 263 1 -803
R 616 595 -294 -156
R -762 -851 -961 578
R -40 -81 663 -81
S -605 -142 424 -193
R 285 293 874 -692
S 824 -52 -194 -360
S -667 906 261 -2
S 992 169 -55 -759
S 251 -471 680 -751
R -889 -656 639 -669
C 212 66 911
L -180 -928 9 678
S -133 -78 179 -10
S -140 -225 509 75
C -869 -492 183
R -669 -580 316 590
R -624 -323 300 -292
S 181 210 -454 -42
R 856 206 -293 -582
R -779 -86 148 507
L 83 -328 -133 -401
S 998 -42 -326 36
L 888 811 -10 -887
L -342 53 536 576
S -502 303 -954 -609
S 477 -485 599 -233
C -306 316 436
S 179 -357 -614 475
L 252 -520 496 390
S -773 553 28 177
S -72 677 -41 -799
C 886 342 378
S -45 -891 -901 -741
L 230 -301 -955 70
C 190 -624 207
S -755 850 -229 -59
S 175 978 575 412
C 543 421 755
R 221 -742 404 170
S 461 -653 284 945
R -277 287 0 405
S 909 -802 -855 -676
S 538 208 -707 107
L 885 -919 -548 -427
S 815 925 133 -335
R -644 -355 -891 -838
R -688 -881 -320 -659
R 29 -358 462 -479
R 377 -633 -206 -589
C -630 -612 631
R -79 -167 786 706
C 396 264 474
R 15 759 -937 921
S -254 -625 -458 -132
L 677 443 518 -107
C 676 324 419
L 610 971 283 645
C -427 56 46
R -779 258 145 -973
L -638 402 -505 -730
S -795 -774 534 132
S 716 -468 295 0
L 54 -621 476 -31
L -178 734 -735 -289
L -792 170 -650 688
C -705 -852 737
R 880 398 -641 152
R -401 278 891 -59
S -886 778 798 -474
R 645 38 -378 926
S 474 -653 172 -739
L -545 147 762 -237
C 317 553 470
C 682 60 411
C -130 1 889
L -716 304 -683 31
R -535 -667 -77 136
L 568 -799 -677 -414
C -573 -626 922
L 916 305 497 -436
S -490 -354 -234 -142
R 711 418 777 -11
R 817 -358 56 -469
C -978 422 874
L 518 795 3 949
L 475 -243 970 745
R 664 -240 -121 -849
L 337 -394 957 -84
L -779 -565 935 -874
C 588 857 420
L -807 -410 89 -479
L -975 266 -245 816
C 528 45 107
S 69 930 -381 931
L -960 -499 -881 -650
C -718 977 54
S 662 801 585 -184
C 336 341 762
C 3 883 901
C -465 373 772
S -61 417 711 968
C 514 -559 958
L 102 -517 940 -802
L -645 905 -987 284
L 582 49 298 -377
R 727 247 8 -195
L 376 -929 270 996
L 331 225 -612 824
L 675 -669 -563 239
C -892 459 3
L -725 714 305 616
L 245 -830 -944 -758
C 301 -656 507
C -281 773 385
S -136 982 -946 572
R 63 -408 119 -505
C -746 349 159
C -144 775 816
C -908 -114 34
L -929 -345 119 -839
R 305 698 519 261
C 871 -485 931
C -661 741 904
S -517 60 852 940
R -375 -499 -509 240
R 400 -768 317 185
R 27 -20 -65 358
R 351 393 513 -918
S -220 -892 569 574
C 352 310 168
C -712 -865 996
R -778 308 423 791
L -268 -53 -257 540
C 307 88 986
C -403 -907 537
L 175 909 111 -836
S -560 550 904 -868
L -718 -324 802 438
R 616 -597 829 -444
R -649 -171 -26 -731
C -746 8 508
S 646 143 -909 805
C 927 657 992
C -690 -118 176
S -69 -60 -287 835
R -680 203 524 711
L -76 412 749 284
R -35 659 -629 784
C 281 -181 515
